Sample	0	1	2	3	4	5	6	7	8	9	10	11	12	13	14	15	16	17	18	19	20	21	22	23	24	25	26	27	28	29	30	31	32	33	34	35	36	37	38	39	40	41	42	43	44	45	46	47	48	49	50	51	52	53	54	55	56	57	58	59	60	61	62	63	64	65	66	67	68	69	70
Red19_DNase_4M	(1.4142135623730951, 35)	(2.449489742783178, 121)	(3.4641016151377544, 337)	(4.898979485566356, 1684)	(6.48074069840786, 648)	(8.366600265340756, 558)	(11.40175425099138, 521)	(15.297058540778355, 2713)	(20.784609690826528, 3199)	(27.712812921102035, 4142)	(36.66060555964672, 3334)	(48.49742261192856, 3023)	(64.8074069840786, 4669)	(86.60254037844386, 9780)	(115.32562594670796, 24197)	(153.8635759366069, 110266)	(205.39230754826238, 301004)	(273.6640275958826, 442141)	(365.1739311615768, 399436)	(486.99486650271785, 193132)	(649.2303135251773, 71115)	(866.0254037844386, 37720)	(1154.9891774384728, 13514)	(1540.0818160084873, 10267)	(2053.20188973223, 10186)	(2738.0836364143443, 9897)	(3651.596089383381, 10101)	(4869.516505773443, 10167)	(6493.602775039447, 10396)	(8659.676668328904, 10218)	(11547.727049077666, 10223)	(15399.230662601298, 9845)	(20535.482998945994, 9918)	(27384.44489121516, 9826)	(36517.69310895747, 10201)	(48696.897026402, 10315)	(64937.904385651374, 10527)	(86596.18929260109, 11286)	(115478.13645881198, 11274)	(153992.5954583531, 11621)	(205352.37626090428, 12078)	(273841.8507752239, 12177)	(365174.477361165, 13088)	(486967.6710799188, 13546)	(649381.3531770065, 13904)	(865964.2024933825, 14475)	(1154781.7975704328, 15620)	(1539926.0989927407, 16583)	(2053524.9171475861, 17956)	(2738419.9513537, 19615)	(3651741.453918938, 20879)	(4869675.122792588, 21854)	(6493816.129907437, 22061)	(8659643.179715894, 20791)	(11547819.707633125, 18345)	(15399265.031420039, 12499)	(20535250.18209367, 3977)	(27384196.482417535, 326)	(36517412.80701646, 0)	(48696752.52687237, 0)	(64938163.46422952, 0)	(86596432.37454994, 0)	(115478198.37527774, 0)	(153992652.47935554, 0)	(205352502.83130983, 0)	(273841963.66963774, 0)	(365174127.0595472, 0)	(486967524.83598584, 0)	(649381631.322358, 0)	(865964323.1681083, 0)	(1000000000, 0)
Red19_DNase_4M.pairsam.stat	(1.4142135623730951, 336)	(2.449489742783178, 198)	(3.4641016151377544, 341)	(4.898979485566356, 1693)	(6.48074069840786, 649)	(8.366600265340756, 560)	(11.40175425099138, 526)	(15.297058540778355, 2726)	(20.784609690826528, 3230)	(27.712812921102035, 4165)	(36.66060555964672, 3359)	(48.49742261192856, 3045)	(64.8074069840786, 4689)	(86.60254037844386, 9825)	(115.32562594670796, 24287)	(153.8635759366069, 110763)	(205.39230754826238, 302713)	(273.6640275958826, 444826)	(365.1739311615768, 402141)	(486.99486650271785, 194584)	(649.2303135251773, 71722)	(866.0254037844386, 38011)	(1154.9891774384728, 13589)	(1540.0818160084873, 10323)	(2053.20188973223, 10248)	(2738.0836364143443, 9957)	(3651.596089383381, 10183)	(4869.516505773443, 10230)	(6493.602775039447, 10456)	(8659.676668328904, 10279)	(11547.727049077666, 10280)	(15399.230662601298, 9903)	(20535.482998945994, 9995)	(27384.44489121516, 9869)	(36517.69310895747, 10270)	(48696.897026402, 10392)	(64937.904385651374, 10596)	(86596.18929260109, 11386)	(115478.13645881198, 11330)	(153992.5954583531, 11690)	(205352.37626090428, 12160)	(273841.8507752239, 12245)	(365174.477361165, 13177)	(486967.6710799188, 13637)	(649381.3531770065, 13979)	(865964.2024933825, 14586)	(1154781.7975704328, 15702)	(1539926.0989927407, 16704)	(2053524.9171475861, 18067)	(2738419.9513537, 19743)	(3651741.453918938, 21005)	(4869675.122792588, 21988)	(6493816.129907437, 22206)	(8659643.179715894, 20912)	(11547819.707633125, 18481)	(15399265.031420039, 12571)	(20535250.18209367, 3994)	(27384196.482417535, 328)	(36517412.80701646, 0)	(48696752.52687237, 0)	(64938163.46422952, 0)	(86596432.37454994, 0)	(115478198.37527774, 0)	(153992652.47935554, 0)	(205352502.83130983, 0)	(273841963.66963774, 0)	(365174127.0595472, 0)	(486967524.83598584, 0)	(649381631.322358, 0)	(865964323.1681083, 0)	(1000000000, 0)
Red19_DNase_7M	(1.4142135623730951, 77)	(2.449489742783178, 203)	(3.4641016151377544, 603)	(4.898979485566356, 3112)	(6.48074069840786, 1160)	(8.366600265340756, 1064)	(11.40175425099138, 1035)	(15.297058540778355, 5139)	(20.784609690826528, 5876)	(27.712812921102035, 7747)	(36.66060555964672, 6130)	(48.49742261192856, 5753)	(64.8074069840786, 8643)	(86.60254037844386, 18158)	(115.32562594670796, 45321)	(153.8635759366069, 206362)	(205.39230754826238, 561925)	(273.6640275958826, 824053)	(365.1739311615768, 743887)	(486.99486650271785, 360236)	(649.2303135251773, 132286)	(866.0254037844386, 70335)	(1154.9891774384728, 25125)	(1540.0818160084873, 19271)	(2053.20188973223, 19020)	(2738.0836364143443, 18575)	(3651.596089383381, 18789)	(4869.516505773443, 19183)	(6493.602775039447, 19355)	(8659.676668328904, 19126)	(11547.727049077666, 19223)	(15399.230662601298, 18714)	(20535.482998945994, 18619)	(27384.44489121516, 18314)	(36517.69310895747, 18929)	(48696.897026402, 19405)	(64937.904385651374, 19658)	(86596.18929260109, 21103)	(115478.13645881198, 21183)	(153992.5954583531, 21913)	(205352.37626090428, 22618)	(273841.8507752239, 23015)	(365174.477361165, 24472)	(486967.6710799188, 25430)	(649381.3531770065, 25974)	(865964.2024933825, 27058)	(1154781.7975704328, 29058)	(1539926.0989927407, 31155)	(2053524.9171475861, 33417)	(2738419.9513537, 36682)	(3651741.453918938, 39287)	(4869675.122792588, 40765)	(6493816.129907437, 41154)	(8659643.179715894, 39102)	(11547819.707633125, 33994)	(15399265.031420039, 23000)	(20535250.18209367, 7587)	(27384196.482417535, 622)	(36517412.80701646, 0)	(48696752.52687237, 0)	(64938163.46422952, 0)	(86596432.37454994, 0)	(115478198.37527774, 0)	(153992652.47935554, 0)	(205352502.83130983, 0)	(273841963.66963774, 0)	(365174127.0595472, 0)	(486967524.83598584, 0)	(649381631.322358, 0)	(865964323.1681083, 0)	(1000000000, 0)
Red19_DNase_7M.pairsam.stat	(1.4142135623730951, 649)	(2.449489742783178, 357)	(3.4641016151377544, 619)	(4.898979485566356, 3154)	(6.48074069840786, 1173)	(8.366600265340756, 1071)	(11.40175425099138, 1054)	(15.297058540778355, 5196)	(20.784609690826528, 5957)	(27.712812921102035, 7831)	(36.66060555964672, 6202)	(48.49742261192856, 5832)	(64.8074069840786, 8732)	(86.60254037844386, 18325)	(115.32562594670796, 45643)	(153.8635759366069, 208118)	(205.39230754826238, 567570)	(273.6640275958826, 833212)	(365.1739311615768, 753297)	(486.99486650271785, 365294)	(649.2303135251773, 134378)	(866.0254037844386, 71325)	(1154.9891774384728, 25409)	(1540.0818160084873, 19477)	(2053.20188973223, 19215)	(2738.0836364143443, 18806)	(3651.596089383381, 19006)	(4869.516505773443, 19398)	(6493.602775039447, 19557)	(8659.676668328904, 19341)	(11547.727049077666, 19433)	(15399.230662601298, 18949)	(20535.482998945994, 18846)	(27384.44489121516, 18523)	(36517.69310895747, 19184)	(48696.897026402, 19632)	(64937.904385651374, 19902)	(86596.18929260109, 21445)	(115478.13645881198, 21445)	(153992.5954583531, 22177)	(205352.37626090428, 22872)	(273841.8507752239, 23281)	(365174.477361165, 24776)	(486967.6710799188, 25722)	(649381.3531770065, 26272)	(865964.2024933825, 27387)	(1154781.7975704328, 29399)	(1539926.0989927407, 31544)	(2053524.9171475861, 33816)	(2738419.9513537, 37085)	(3651741.453918938, 39765)	(4869675.122792588, 41233)	(6493816.129907437, 41647)	(8659643.179715894, 39548)	(11547819.707633125, 34432)	(15399265.031420039, 23267)	(20535250.18209367, 7691)	(27384196.482417535, 631)	(36517412.80701646, 0)	(48696752.52687237, 0)	(64938163.46422952, 0)	(86596432.37454994, 0)	(115478198.37527774, 0)	(153992652.47935554, 0)	(205352502.83130983, 0)	(273841963.66963774, 0)	(365174127.0595472, 0)	(486967524.83598584, 0)	(649381631.322358, 0)	(865964323.1681083, 0)	(1000000000, 0)
Red19_FS1H	(1.4142135623730951, 35)	(2.449489742783178, 170)	(3.4641016151377544, 92)	(4.898979485566356, 150)	(6.48074069840786, 73)	(8.366600265340756, 331)	(11.40175425099138, 717)	(15.297058540778355, 1894)	(20.784609690826528, 2106)	(27.712812921102035, 1342)	(36.66060555964672, 755)	(48.49742261192856, 853)	(64.8074069840786, 2164)	(86.60254037844386, 10717)	(115.32562594670796, 58193)	(153.8635759366069, 209162)	(205.39230754826238, 514993)	(273.6640275958826, 841881)	(365.1739311615768, 694485)	(486.99486650271785, 235912)	(649.2303135251773, 16796)	(866.0254037844386, 5498)	(1154.9891774384728, 5124)	(1540.0818160084873, 4776)	(2053.20188973223, 4447)	(2738.0836364143443, 4323)	(3651.596089383381, 4477)	(4869.516505773443, 4499)	(6493.602775039447, 4390)	(8659.676668328904, 4454)	(11547.727049077666, 4501)	(15399.230662601298, 4404)	(20535.482998945994, 4588)	(27384.44489121516, 4552)	(36517.69310895747, 4626)	(48696.897026402, 4942)	(64937.904385651374, 4961)	(86596.18929260109, 5433)	(115478.13645881198, 5377)	(153992.5954583531, 5532)	(205352.37626090428, 5873)	(273841.8507752239, 6083)	(365174.477361165, 6255)	(486967.6710799188, 6917)	(649381.3531770065, 7062)	(865964.2024933825, 7372)	(1154781.7975704328, 7984)	(1539926.0989927407, 8664)	(2053524.9171475861, 9428)	(2738419.9513537, 10266)	(3651741.453918938, 11249)	(4869675.122792588, 11707)	(6493816.129907437, 12230)	(8659643.179715894, 11877)	(11547819.707633125, 10622)	(15399265.031420039, 7446)	(20535250.18209367, 2534)	(27384196.482417535, 210)	(36517412.80701646, 0)	(48696752.52687237, 0)	(64938163.46422952, 0)	(86596432.37454994, 0)	(115478198.37527774, 0)	(153992652.47935554, 0)	(205352502.83130983, 0)	(273841963.66963774, 0)	(365174127.0595472, 0)	(486967524.83598584, 0)	(649381631.322358, 0)	(865964323.1681083, 0)	(1000000000, 0)
Red19_FS1H.pairsam.stat	(1.4142135623730951, 36)	(2.449489742783178, 183)	(3.4641016151377544, 100)	(4.898979485566356, 159)	(6.48074069840786, 82)	(8.366600265340756, 347)	(11.40175425099138, 751)	(15.297058540778355, 2003)	(20.784609690826528, 2228)	(27.712812921102035, 1423)	(36.66060555964672, 831)	(48.49742261192856, 940)	(64.8074069840786, 2312)	(86.60254037844386, 11245)	(115.32562594670796, 62150)	(153.8635759366069, 231964)	(205.39230754826238, 581694)	(273.6640275958826, 933578)	(365.1739311615768, 741199)	(486.99486650271785, 243469)	(649.2303135251773, 17273)	(866.0254037844386, 5885)	(1154.9891774384728, 5511)	(1540.0818160084873, 5107)	(2053.20188973223, 4785)	(2738.0836364143443, 4632)	(3651.596089383381, 4825)	(4869.516505773443, 4840)	(6493.602775039447, 4696)	(8659.676668328904, 4812)	(11547.727049077666, 4853)	(15399.230662601298, 4722)	(20535.482998945994, 4929)	(27384.44489121516, 4882)	(36517.69310895747, 4984)	(48696.897026402, 5302)	(64937.904385651374, 5350)	(86596.18929260109, 5895)	(115478.13645881198, 5758)	(153992.5954583531, 5959)	(205352.37626090428, 6307)	(273841.8507752239, 6514)	(365174.477361165, 6739)	(486967.6710799188, 7408)	(649381.3531770065, 7617)	(865964.2024933825, 7875)	(1154781.7975704328, 8588)	(1539926.0989927407, 9287)	(2053524.9171475861, 10158)	(2738419.9513537, 11022)	(3651741.453918938, 12096)	(4869675.122792588, 12589)	(6493816.129907437, 13198)	(8659643.179715894, 12757)	(11547819.707633125, 11383)	(15399265.031420039, 8005)	(20535250.18209367, 2751)	(27384196.482417535, 226)	(36517412.80701646, 0)	(48696752.52687237, 0)	(64938163.46422952, 0)	(86596432.37454994, 0)	(115478198.37527774, 0)	(153992652.47935554, 0)	(205352502.83130983, 0)	(273841963.66963774, 0)	(365174127.0595472, 0)	(486967524.83598584, 0)	(649381631.322358, 0)	(865964323.1681083, 0)	(1000000000, 0)
Red19_FS2H	(1.4142135623730951, 49)	(2.449489742783178, 182)	(3.4641016151377544, 105)	(4.898979485566356, 205)	(6.48074069840786, 99)	(8.366600265340756, 431)	(11.40175425099138, 800)	(15.297058540778355, 2478)	(20.784609690826528, 2627)	(27.712812921102035, 1928)	(36.66060555964672, 1106)	(48.49742261192856, 1544)	(64.8074069840786, 3795)	(86.60254037844386, 15649)	(115.32562594670796, 77297)	(153.8635759366069, 334039)	(205.39230754826238, 972916)	(273.6640275958826, 1322512)	(365.1739311615768, 979763)	(486.99486650271785, 350347)	(649.2303135251773, 28968)	(866.0254037844386, 10759)	(1154.9891774384728, 10331)	(1540.0818160084873, 10155)	(2053.20188973223, 9746)	(2738.0836364143443, 9653)	(3651.596089383381, 9968)	(4869.516505773443, 10126)	(6493.602775039447, 10495)	(8659.676668328904, 10344)	(11547.727049077666, 10291)	(15399.230662601298, 10355)	(20535.482998945994, 10578)	(27384.44489121516, 10616)	(36517.69310895747, 10801)	(48696.897026402, 11276)	(64937.904385651374, 11644)	(86596.18929260109, 12436)	(115478.13645881198, 12637)	(153992.5954583531, 13062)	(205352.37626090428, 13611)	(273841.8507752239, 14185)	(365174.477361165, 14949)	(486967.6710799188, 15909)	(649381.3531770065, 16361)	(865964.2024933825, 17667)	(1154781.7975704328, 18498)	(1539926.0989927407, 19899)	(2053524.9171475861, 21994)	(2738419.9513537, 23949)	(3651741.453918938, 26206)	(4869675.122792588, 27345)	(6493816.129907437, 28026)	(8659643.179715894, 26950)	(11547819.707633125, 24447)	(15399265.031420039, 17373)	(20535250.18209367, 5747)	(27384196.482417535, 475)	(36517412.80701646, 0)	(48696752.52687237, 0)	(64938163.46422952, 0)	(86596432.37454994, 0)	(115478198.37527774, 0)	(153992652.47935554, 0)	(205352502.83130983, 0)	(273841963.66963774, 0)	(365174127.0595472, 0)	(486967524.83598584, 0)	(649381631.322358, 0)	(865964323.1681083, 0)	(1000000000, 0)
Red19_FS2H.pairsam.stat	(1.4142135623730951, 53)	(2.449489742783178, 188)	(3.4641016151377544, 112)	(4.898979485566356, 215)	(6.48074069840786, 102)	(8.366600265340756, 448)	(11.40175425099138, 836)	(15.297058540778355, 2590)	(20.784609690826528, 2725)	(27.712812921102035, 2024)	(36.66060555964672, 1179)	(48.49742261192856, 1652)	(64.8074069840786, 4014)	(86.60254037844386, 16247)	(115.32562594670796, 80476)	(153.8635759366069, 357350)	(205.39230754826238, 1062115)	(273.6640275958826, 1428354)	(365.1739311615768, 1029062)	(486.99486650271785, 359260)	(649.2303135251773, 29745)	(866.0254037844386, 11352)	(1154.9891774384728, 10953)	(1540.0818160084873, 10727)	(2053.20188973223, 10285)	(2738.0836364143443, 10219)	(3651.596089383381, 10551)	(4869.516505773443, 10699)	(6493.602775039447, 11032)	(8659.676668328904, 10890)	(11547.727049077666, 10864)	(15399.230662601298, 10965)	(20535.482998945994, 11189)	(27384.44489121516, 11231)	(36517.69310895747, 11381)	(48696.897026402, 11868)	(64937.904385651374, 12288)	(86596.18929260109, 13191)	(115478.13645881198, 13346)	(153992.5954583531, 13797)	(205352.37626090428, 14383)	(273841.8507752239, 14924)	(365174.477361165, 15834)	(486967.6710799188, 16857)	(649381.3531770065, 17271)	(865964.2024933825, 18652)	(1154781.7975704328, 19538)	(1539926.0989927407, 21039)	(2053524.9171475861, 23258)	(2738419.9513537, 25339)	(3651741.453918938, 27666)	(4869675.122792588, 28706)	(6493816.129907437, 29642)	(8659643.179715894, 28515)	(11547819.707633125, 25794)	(15399265.031420039, 18334)	(20535250.18209367, 6097)	(27384196.482417535, 505)	(36517412.80701646, 0)	(48696752.52687237, 0)	(64938163.46422952, 0)	(86596432.37454994, 0)	(115478198.37527774, 0)	(153992652.47935554, 0)	(205352502.83130983, 0)	(273841963.66963774, 0)	(365174127.0595472, 0)	(486967524.83598584, 0)	(649381631.322358, 0)	(865964323.1681083, 0)	(1000000000, 0)
Red19_FS3H	(1.4142135623730951, 63)	(2.449489742783178, 120)	(3.4641016151377544, 136)	(4.898979485566356, 272)	(6.48074069840786, 152)	(8.366600265340756, 738)	(11.40175425099138, 1386)	(15.297058540778355, 4120)	(20.784609690826528, 4211)	(27.712812921102035, 2786)	(36.66060555964672, 1792)	(48.49742261192856, 2593)	(64.8074069840786, 5596)	(86.60254037844386, 16304)	(115.32562594670796, 55976)	(153.8635759366069, 224342)	(205.39230754826238, 652385)	(273.6640275958826, 1165635)	(365.1739311615768, 904740)	(486.99486650271785, 309097)	(649.2303135251773, 31773)	(866.0254037844386, 14831)	(1154.9891774384728, 13944)	(1540.0818160084873, 13565)	(2053.20188973223, 13020)	(2738.0836364143443, 13341)	(3651.596089383381, 13466)	(4869.516505773443, 13511)	(6493.602775039447, 13840)	(8659.676668328904, 13760)	(11547.727049077666, 13699)	(15399.230662601298, 13620)	(20535.482998945994, 13727)	(27384.44489121516, 13704)	(36517.69310895747, 14009)	(48696.897026402, 14782)	(64937.904385651374, 15182)	(86596.18929260109, 15898)	(115478.13645881198, 16304)	(153992.5954583531, 16864)	(205352.37626090428, 17907)	(273841.8507752239, 18773)	(365174.477361165, 19691)	(486967.6710799188, 20443)	(649381.3531770065, 21412)	(865964.2024933825, 22585)	(1154781.7975704328, 24154)	(1539926.0989927407, 26231)	(2053524.9171475861, 28423)	(2738419.9513537, 31014)	(3651741.453918938, 33677)	(4869675.122792588, 35473)	(6493816.129907437, 36138)	(8659643.179715894, 34789)	(11547819.707633125, 30644)	(15399265.031420039, 21697)	(20535250.18209367, 7203)	(27384196.482417535, 655)	(36517412.80701646, 0)	(48696752.52687237, 0)	(64938163.46422952, 0)	(86596432.37454994, 0)	(115478198.37527774, 0)	(153992652.47935554, 0)	(205352502.83130983, 0)	(273841963.66963774, 0)	(365174127.0595472, 0)	(486967524.83598584, 0)	(649381631.322358, 0)	(865964323.1681083, 0)	(1000000000, 0)
Red19_FS3H.pairsam.stat	(1.4142135623730951, 64)	(2.449489742783178, 123)	(3.4641016151377544, 139)	(4.898979485566356, 281)	(6.48074069840786, 153)	(8.366600265340756, 749)	(11.40175425099138, 1410)	(15.297058540778355, 4205)	(20.784609690826528, 4283)	(27.712812921102035, 2836)	(36.66060555964672, 1830)	(48.49742261192856, 2655)	(64.8074069840786, 5737)	(86.60254037844386, 16601)	(115.32562594670796, 56850)	(153.8635759366069, 229913)	(205.39230754826238, 675209)	(273.6640275958826, 1202911)	(365.1739311615768, 923655)	(486.99486650271785, 312530)	(649.2303135251773, 32182)	(866.0254037844386, 15181)	(1154.9891774384728, 14271)	(1540.0818160084873, 13890)	(2053.20188973223, 13333)	(2738.0836364143443, 13676)	(3651.596089383381, 13778)	(4869.516505773443, 13834)	(6493.602775039447, 14161)	(8659.676668328904, 14087)	(11547.727049077666, 14011)	(15399.230662601298, 13946)	(20535.482998945994, 14020)	(27384.44489121516, 14007)	(36517.69310895747, 14341)	(48696.897026402, 15103)	(64937.904385651374, 15537)	(86596.18929260109, 16277)	(115478.13645881198, 16691)	(153992.5954583531, 17237)	(205352.37626090428, 18292)	(273841.8507752239, 19202)	(365174.477361165, 20178)	(486967.6710799188, 20924)	(649381.3531770065, 21900)	(865964.2024933825, 23083)	(1154781.7975704328, 24725)	(1539926.0989927407, 26826)	(2053524.9171475861, 29045)	(2738419.9513537, 31768)	(3651741.453918938, 34471)	(4869675.122792588, 36238)	(6493816.129907437, 36944)	(8659643.179715894, 35571)	(11547819.707633125, 31377)	(15399265.031420039, 22165)	(20535250.18209367, 7380)	(27384196.482417535, 662)	(36517412.80701646, 0)	(48696752.52687237, 0)	(64938163.46422952, 0)	(86596432.37454994, 0)	(115478198.37527774, 0)	(153992652.47935554, 0)	(205352502.83130983, 0)	(273841963.66963774, 0)	(365174127.0595472, 0)	(486967524.83598584, 0)	(649381631.322358, 0)	(865964323.1681083, 0)	(1000000000, 0)
