Sample	0	1	2	3	4	5	6	7	8	9	10	11	12	13	14	15	16	17	18	19	20	21	22	23	24	25	26	27	28	29	30	31	32	33	34	35	36	37	38	39	40	41	42	43	44	45	46	47	48	49	50	51	52	53	54	55	56	57	58	59	60	61	62	63	64	65	66	67	68	69	70
Red19_DNase_4M	(1.4142135623730951, 1)	(2.449489742783178, 1)	(3.4641016151377544, 2)	(4.898979485566356, 1)	(6.48074069840786, 0)	(8.366600265340756, 1)	(11.40175425099138, 0)	(15.297058540778355, 1)	(20.784609690826528, 2)	(27.712812921102035, 6)	(36.66060555964672, 74)	(48.49742261192856, 178)	(64.8074069840786, 387)	(86.60254037844386, 678)	(115.32562594670796, 929)	(153.8635759366069, 1476)	(205.39230754826238, 1863)	(273.6640275958826, 2446)	(365.1739311615768, 2619)	(486.99486650271785, 2559)	(649.2303135251773, 2492)	(866.0254037844386, 2455)	(1154.9891774384728, 2420)	(1540.0818160084873, 2375)	(2053.20188973223, 2401)	(2738.0836364143443, 2351)	(3651.596089383381, 2422)	(4869.516505773443, 2462)	(6493.602775039447, 2446)	(8659.676668328904, 2521)	(11547.727049077666, 2560)	(15399.230662601298, 2413)	(20535.482998945994, 2368)	(27384.44489121516, 2381)	(36517.69310895747, 2502)	(48696.897026402, 2431)	(64937.904385651374, 2558)	(86596.18929260109, 2645)	(115478.13645881198, 2849)	(153992.5954583531, 2920)	(205352.37626090428, 3042)	(273841.8507752239, 3089)	(365174.477361165, 3220)	(486967.6710799188, 3382)	(649381.3531770065, 3571)	(865964.2024933825, 3615)	(1154781.7975704328, 3921)	(1539926.0989927407, 4122)	(2053524.9171475861, 4450)	(2738419.9513537, 4915)	(3651741.453918938, 5268)	(4869675.122792588, 5427)	(6493816.129907437, 5429)	(8659643.179715894, 5164)	(11547819.707633125, 4586)	(15399265.031420039, 3114)	(20535250.18209367, 991)	(27384196.482417535, 75)	(36517412.80701646, 0)	(48696752.52687237, 0)	(64938163.46422952, 0)	(86596432.37454994, 0)	(115478198.37527774, 0)	(153992652.47935554, 0)	(205352502.83130983, 0)	(273841963.66963774, 0)	(365174127.0595472, 0)	(486967524.83598584, 0)	(649381631.322358, 0)	(865964323.1681083, 0)	(1000000000, 0)
Red19_DNase_4M.pairsam.stat	(1.4142135623730951, 1)	(2.449489742783178, 1)	(3.4641016151377544, 2)	(4.898979485566356, 1)	(6.48074069840786, 0)	(8.366600265340756, 1)	(11.40175425099138, 0)	(15.297058540778355, 1)	(20.784609690826528, 2)	(27.712812921102035, 6)	(36.66060555964672, 74)	(48.49742261192856, 179)	(64.8074069840786, 388)	(86.60254037844386, 683)	(115.32562594670796, 932)	(153.8635759366069, 1492)	(205.39230754826238, 1881)	(273.6640275958826, 2456)	(365.1739311615768, 2642)	(486.99486650271785, 2569)	(649.2303135251773, 2511)	(866.0254037844386, 2465)	(1154.9891774384728, 2436)	(1540.0818160084873, 2386)	(2053.20188973223, 2415)	(2738.0836364143443, 2364)	(3651.596089383381, 2440)	(4869.516505773443, 2479)	(6493.602775039447, 2464)	(8659.676668328904, 2534)	(11547.727049077666, 2574)	(15399.230662601298, 2424)	(20535.482998945994, 2384)	(27384.44489121516, 2394)	(36517.69310895747, 2522)	(48696.897026402, 2447)	(64937.904385651374, 2578)	(86596.18929260109, 2667)	(115478.13645881198, 2866)	(153992.5954583531, 2932)	(205352.37626090428, 3066)	(273841.8507752239, 3105)	(365174.477361165, 3240)	(486967.6710799188, 3406)	(649381.3531770065, 3597)	(865964.2024933825, 3649)	(1154781.7975704328, 3934)	(1539926.0989927407, 4144)	(2053524.9171475861, 4484)	(2738419.9513537, 4952)	(3651741.453918938, 5295)	(4869675.122792588, 5469)	(6493816.129907437, 5458)	(8659643.179715894, 5197)	(11547819.707633125, 4623)	(15399265.031420039, 3129)	(20535250.18209367, 996)	(27384196.482417535, 75)	(36517412.80701646, 0)	(48696752.52687237, 0)	(64938163.46422952, 0)	(86596432.37454994, 0)	(115478198.37527774, 0)	(153992652.47935554, 0)	(205352502.83130983, 0)	(273841963.66963774, 0)	(365174127.0595472, 0)	(486967524.83598584, 0)	(649381631.322358, 0)	(865964323.1681083, 0)	(1000000000, 0)
Red19_DNase_7M	(1.4142135623730951, 2)	(2.449489742783178, 3)	(3.4641016151377544, 2)	(4.898979485566356, 3)	(6.48074069840786, 0)	(8.366600265340756, 1)	(11.40175425099138, 0)	(15.297058540778355, 2)	(20.784609690826528, 6)	(27.712812921102035, 18)	(36.66060555964672, 117)	(48.49742261192856, 362)	(64.8074069840786, 713)	(86.60254037844386, 1214)	(115.32562594670796, 1735)	(153.8635759366069, 2667)	(205.39230754826238, 3487)	(273.6640275958826, 4509)	(365.1739311615768, 4892)	(486.99486650271785, 4821)	(649.2303135251773, 4682)	(866.0254037844386, 4629)	(1154.9891774384728, 4475)	(1540.0818160084873, 4415)	(2053.20188973223, 4541)	(2738.0836364143443, 4457)	(3651.596089383381, 4429)	(4869.516505773443, 4632)	(6493.602775039447, 4605)	(8659.676668328904, 4633)	(11547.727049077666, 4768)	(15399.230662601298, 4584)	(20535.482998945994, 4510)	(27384.44489121516, 4464)	(36517.69310895747, 4657)	(48696.897026402, 4715)	(64937.904385651374, 4844)	(86596.18929260109, 4919)	(115478.13645881198, 5265)	(153992.5954583531, 5514)	(205352.37626090428, 5672)	(273841.8507752239, 5720)	(365174.477361165, 6078)	(486967.6710799188, 6304)	(649381.3531770065, 6599)	(865964.2024933825, 6677)	(1154781.7975704328, 7252)	(1539926.0989927407, 7605)	(2053524.9171475861, 8245)	(2738419.9513537, 9136)	(3651741.453918938, 9907)	(4869675.122792588, 10154)	(6493816.129907437, 10221)	(8659643.179715894, 9715)	(11547819.707633125, 8549)	(15399265.031420039, 5680)	(20535250.18209367, 1885)	(27384196.482417535, 150)	(36517412.80701646, 0)	(48696752.52687237, 0)	(64938163.46422952, 0)	(86596432.37454994, 0)	(115478198.37527774, 0)	(153992652.47935554, 0)	(205352502.83130983, 0)	(273841963.66963774, 0)	(365174127.0595472, 0)	(486967524.83598584, 0)	(649381631.322358, 0)	(865964323.1681083, 0)	(1000000000, 0)
Red19_DNase_7M.pairsam.stat	(1.4142135623730951, 2)	(2.449489742783178, 3)	(3.4641016151377544, 2)	(4.898979485566356, 3)	(6.48074069840786, 0)	(8.366600265340756, 1)	(11.40175425099138, 0)	(15.297058540778355, 2)	(20.784609690826528, 6)	(27.712812921102035, 18)	(36.66060555964672, 117)	(48.49742261192856, 363)	(64.8074069840786, 723)	(86.60254037844386, 1226)	(115.32562594670796, 1753)	(153.8635759366069, 2705)	(205.39230754826238, 3531)	(273.6640275958826, 4557)	(365.1739311615768, 4950)	(486.99486650271785, 4872)	(649.2303135251773, 4742)	(866.0254037844386, 4681)	(1154.9891774384728, 4534)	(1540.0818160084873, 4464)	(2053.20188973223, 4587)	(2738.0836364143443, 4516)	(3651.596089383381, 4480)	(4869.516505773443, 4685)	(6493.602775039447, 4647)	(8659.676668328904, 4686)	(11547.727049077666, 4834)	(15399.230662601298, 4638)	(20535.482998945994, 4559)	(27384.44489121516, 4512)	(36517.69310895747, 4726)	(48696.897026402, 4765)	(64937.904385651374, 4902)	(86596.18929260109, 4986)	(115478.13645881198, 5347)	(153992.5954583531, 5575)	(205352.37626090428, 5750)	(273841.8507752239, 5779)	(365174.477361165, 6160)	(486967.6710799188, 6368)	(649381.3531770065, 6687)	(865964.2024933825, 6773)	(1154781.7975704328, 7328)	(1539926.0989927407, 7691)	(2053524.9171475861, 8346)	(2738419.9513537, 9232)	(3651741.453918938, 10023)	(4869675.122792588, 10269)	(6493816.129907437, 10323)	(8659643.179715894, 9831)	(11547819.707633125, 8670)	(15399265.031420039, 5745)	(20535250.18209367, 1918)	(27384196.482417535, 150)	(36517412.80701646, 0)	(48696752.52687237, 0)	(64938163.46422952, 0)	(86596432.37454994, 0)	(115478198.37527774, 0)	(153992652.47935554, 0)	(205352502.83130983, 0)	(273841963.66963774, 0)	(365174127.0595472, 0)	(486967524.83598584, 0)	(649381631.322358, 0)	(865964323.1681083, 0)	(1000000000, 0)
Red19_FS1H	(1.4142135623730951, 0)	(2.449489742783178, 0)	(3.4641016151377544, 0)	(4.898979485566356, 2)	(6.48074069840786, 0)	(8.366600265340756, 0)	(11.40175425099138, 0)	(15.297058540778355, 2)	(20.784609690826528, 5)	(27.712812921102035, 6)	(36.66060555964672, 41)	(48.49742261192856, 74)	(64.8074069840786, 178)	(86.60254037844386, 296)	(115.32562594670796, 446)	(153.8635759366069, 746)	(205.39230754826238, 1032)	(273.6640275958826, 1245)	(365.1739311615768, 1247)	(486.99486650271785, 955)	(649.2303135251773, 939)	(866.0254037844386, 1007)	(1154.9891774384728, 980)	(1540.0818160084873, 974)	(2053.20188973223, 969)	(2738.0836364143443, 955)	(3651.596089383381, 924)	(4869.516505773443, 967)	(6493.602775039447, 963)	(8659.676668328904, 986)	(11547.727049077666, 1033)	(15399.230662601298, 993)	(20535.482998945994, 979)	(27384.44489121516, 1039)	(36517.69310895747, 1059)	(48696.897026402, 1098)	(64937.904385651374, 1167)	(86596.18929260109, 1260)	(115478.13645881198, 1273)	(153992.5954583531, 1369)	(205352.37626090428, 1447)	(273841.8507752239, 1437)	(365174.477361165, 1541)	(486967.6710799188, 1615)	(649381.3531770065, 1839)	(865964.2024933825, 1847)	(1154781.7975704328, 1989)	(1539926.0989927407, 2171)	(2053524.9171475861, 2395)	(2738419.9513537, 2562)	(3651741.453918938, 2783)	(4869675.122792588, 2883)	(6493816.129907437, 3066)	(8659643.179715894, 2926)	(11547819.707633125, 2671)	(15399265.031420039, 1832)	(20535250.18209367, 636)	(27384196.482417535, 58)	(36517412.80701646, 0)	(48696752.52687237, 0)	(64938163.46422952, 0)	(86596432.37454994, 0)	(115478198.37527774, 0)	(153992652.47935554, 0)	(205352502.83130983, 0)	(273841963.66963774, 0)	(365174127.0595472, 0)	(486967524.83598584, 0)	(649381631.322358, 0)	(865964323.1681083, 0)	(1000000000, 0)
Red19_FS1H.pairsam.stat	(1.4142135623730951, 0)	(2.449489742783178, 0)	(3.4641016151377544, 0)	(4.898979485566356, 2)	(6.48074069840786, 0)	(8.366600265340756, 0)	(11.40175425099138, 0)	(15.297058540778355, 2)	(20.784609690826528, 7)	(27.712812921102035, 6)	(36.66060555964672, 52)	(48.49742261192856, 80)	(64.8074069840786, 191)	(86.60254037844386, 316)	(115.32562594670796, 496)	(153.8635759366069, 802)	(205.39230754826238, 1109)	(273.6640275958826, 1339)	(365.1739311615768, 1332)	(486.99486650271785, 1022)	(649.2303135251773, 1000)	(866.0254037844386, 1065)	(1154.9891774384728, 1046)	(1540.0818160084873, 1052)	(2053.20188973223, 1037)	(2738.0836364143443, 1031)	(3651.596089383381, 994)	(4869.516505773443, 1047)	(6493.602775039447, 1021)	(8659.676668328904, 1052)	(11547.727049077666, 1122)	(15399.230662601298, 1066)	(20535.482998945994, 1045)	(27384.44489121516, 1114)	(36517.69310895747, 1155)	(48696.897026402, 1177)	(64937.904385651374, 1260)	(86596.18929260109, 1373)	(115478.13645881198, 1354)	(153992.5954583531, 1463)	(205352.37626090428, 1571)	(273841.8507752239, 1543)	(365174.477361165, 1651)	(486967.6710799188, 1742)	(649381.3531770065, 1983)	(865964.2024933825, 1979)	(1154781.7975704328, 2133)	(1539926.0989927407, 2350)	(2053524.9171475861, 2590)	(2738419.9513537, 2741)	(3651741.453918938, 2997)	(4869675.122792588, 3094)	(6493816.129907437, 3309)	(8659643.179715894, 3131)	(11547819.707633125, 2869)	(15399265.031420039, 1947)	(20535250.18209367, 686)	(27384196.482417535, 63)	(36517412.80701646, 0)	(48696752.52687237, 0)	(64938163.46422952, 0)	(86596432.37454994, 0)	(115478198.37527774, 0)	(153992652.47935554, 0)	(205352502.83130983, 0)	(273841963.66963774, 0)	(365174127.0595472, 0)	(486967524.83598584, 0)	(649381631.322358, 0)	(865964323.1681083, 0)	(1000000000, 0)
Red19_FS2H	(1.4142135623730951, 0)	(2.449489742783178, 0)	(3.4641016151377544, 0)	(4.898979485566356, 0)	(6.48074069840786, 0)	(8.366600265340756, 1)	(11.40175425099138, 0)	(15.297058540778355, 2)	(20.784609690826528, 1)	(27.712812921102035, 9)	(36.66060555964672, 45)	(48.49742261192856, 130)	(64.8074069840786, 263)	(86.60254037844386, 466)	(115.32562594670796, 738)	(153.8635759366069, 1213)	(205.39230754826238, 1683)	(273.6640275958826, 2149)	(365.1739311615768, 2282)	(486.99486650271785, 2022)	(649.2303135251773, 2001)	(866.0254037844386, 2171)	(1154.9891774384728, 2025)	(1540.0818160084873, 2187)	(2053.20188973223, 2195)	(2738.0836364143443, 2234)	(3651.596089383381, 2328)	(4869.516505773443, 2324)	(6493.602775039447, 2327)	(8659.676668328904, 2409)	(11547.727049077666, 2441)	(15399.230662601298, 2463)	(20535.482998945994, 2478)	(27384.44489121516, 2494)	(36517.69310895747, 2483)	(48696.897026402, 2658)	(64937.904385651374, 2774)	(86596.18929260109, 2836)	(115478.13645881198, 3058)	(153992.5954583531, 3236)	(205352.37626090428, 3506)	(273841.8507752239, 3602)	(365174.477361165, 3773)	(486967.6710799188, 3854)	(649381.3531770065, 4164)	(865964.2024933825, 4439)	(1154781.7975704328, 4549)	(1539926.0989927407, 4889)	(2053524.9171475861, 5636)	(2738419.9513537, 6105)	(3651741.453918938, 6578)	(4869675.122792588, 6875)	(6493816.129907437, 6996)	(8659643.179715894, 6847)	(11547819.707633125, 6153)	(15399265.031420039, 4345)	(20535250.18209367, 1400)	(27384196.482417535, 120)	(36517412.80701646, 0)	(48696752.52687237, 0)	(64938163.46422952, 0)	(86596432.37454994, 0)	(115478198.37527774, 0)	(153992652.47935554, 0)	(205352502.83130983, 0)	(273841963.66963774, 0)	(365174127.0595472, 0)	(486967524.83598584, 0)	(649381631.322358, 0)	(865964323.1681083, 0)	(1000000000, 0)
Red19_FS2H.pairsam.stat	(1.4142135623730951, 0)	(2.449489742783178, 0)	(3.4641016151377544, 0)	(4.898979485566356, 0)	(6.48074069840786, 0)	(8.366600265340756, 1)	(11.40175425099138, 0)	(15.297058540778355, 2)	(20.784609690826528, 1)	(27.712812921102035, 11)	(36.66060555964672, 48)	(48.49742261192856, 140)	(64.8074069840786, 277)	(86.60254037844386, 490)	(115.32562594670796, 784)	(153.8635759366069, 1283)	(205.39230754826238, 1793)	(273.6640275958826, 2275)	(365.1739311615768, 2383)	(486.99486650271785, 2139)	(649.2303135251773, 2114)	(866.0254037844386, 2291)	(1154.9891774384728, 2147)	(1540.0818160084873, 2323)	(2053.20188973223, 2316)	(2738.0836364143443, 2374)	(3651.596089383381, 2457)	(4869.516505773443, 2476)	(6493.602775039447, 2452)	(8659.676668328904, 2532)	(11547.727049077666, 2585)	(15399.230662601298, 2605)	(20535.482998945994, 2594)	(27384.44489121516, 2646)	(36517.69310895747, 2608)	(48696.897026402, 2792)	(64937.904385651374, 2950)	(86596.18929260109, 3010)	(115478.13645881198, 3223)	(153992.5954583531, 3423)	(205352.37626090428, 3695)	(273841.8507752239, 3802)	(365174.477361165, 3995)	(486967.6710799188, 4073)	(649381.3531770065, 4391)	(865964.2024933825, 4699)	(1154781.7975704328, 4814)	(1539926.0989927407, 5151)	(2053524.9171475861, 5960)	(2738419.9513537, 6449)	(3651741.453918938, 6946)	(4869675.122792588, 7235)	(6493816.129907437, 7438)	(8659643.179715894, 7213)	(11547819.707633125, 6480)	(15399265.031420039, 4575)	(20535250.18209367, 1482)	(27384196.482417535, 125)	(36517412.80701646, 0)	(48696752.52687237, 0)	(64938163.46422952, 0)	(86596432.37454994, 0)	(115478198.37527774, 0)	(153992652.47935554, 0)	(205352502.83130983, 0)	(273841963.66963774, 0)	(365174127.0595472, 0)	(486967524.83598584, 0)	(649381631.322358, 0)	(865964323.1681083, 0)	(1000000000, 0)
Red19_FS3H	(1.4142135623730951, 1)	(2.449489742783178, 0)	(3.4641016151377544, 0)	(4.898979485566356, 0)	(6.48074069840786, 0)	(8.366600265340756, 0)	(11.40175425099138, 1)	(15.297058540778355, 1)	(20.784609690826528, 3)	(27.712812921102035, 6)	(36.66060555964672, 81)	(48.49742261192856, 228)	(64.8074069840786, 548)	(86.60254037844386, 935)	(115.32562594670796, 1515)	(153.8635759366069, 2318)	(205.39230754826238, 3207)	(273.6640275958826, 4020)	(365.1739311615768, 4005)	(486.99486650271785, 3369)	(649.2303135251773, 3167)	(866.0254037844386, 3145)	(1154.9891774384728, 3054)	(1540.0818160084873, 3088)	(2053.20188973223, 2970)	(2738.0836364143443, 3273)	(3651.596089383381, 3209)	(4869.516505773443, 3193)	(6493.602775039447, 3224)	(8659.676668328904, 3270)	(11547.727049077666, 3214)	(15399.230662601298, 3324)	(20535.482998945994, 3312)	(27384.44489121516, 3305)	(36517.69310895747, 3370)	(48696.897026402, 3459)	(64937.904385651374, 3723)	(86596.18929260109, 3691)	(115478.13645881198, 4027)	(153992.5954583531, 4157)	(205352.37626090428, 4461)	(273841.8507752239, 4673)	(365174.477361165, 4875)	(486967.6710799188, 5027)	(649381.3531770065, 5488)	(865964.2024933825, 5523)	(1154781.7975704328, 5952)	(1539926.0989927407, 6479)	(2053524.9171475861, 7033)	(2738419.9513537, 7818)	(3651741.453918938, 8458)	(4869675.122792588, 8784)	(6493816.129907437, 9078)	(8659643.179715894, 8762)	(11547819.707633125, 7726)	(15399265.031420039, 5453)	(20535250.18209367, 1775)	(27384196.482417535, 151)	(36517412.80701646, 0)	(48696752.52687237, 0)	(64938163.46422952, 0)	(86596432.37454994, 0)	(115478198.37527774, 0)	(153992652.47935554, 0)	(205352502.83130983, 0)	(273841963.66963774, 0)	(365174127.0595472, 0)	(486967524.83598584, 0)	(649381631.322358, 0)	(865964323.1681083, 0)	(1000000000, 0)
Red19_FS3H.pairsam.stat	(1.4142135623730951, 1)	(2.449489742783178, 0)	(3.4641016151377544, 0)	(4.898979485566356, 0)	(6.48074069840786, 0)	(8.366600265340756, 0)	(11.40175425099138, 1)	(15.297058540778355, 1)	(20.784609690826528, 3)	(27.712812921102035, 6)	(36.66060555964672, 82)	(48.49742261192856, 235)	(64.8074069840786, 561)	(86.60254037844386, 959)	(115.32562594670796, 1564)	(153.8635759366069, 2377)	(205.39230754826238, 3285)	(273.6640275958826, 4117)	(365.1739311615768, 4101)	(486.99486650271785, 3439)	(649.2303135251773, 3251)	(866.0254037844386, 3211)	(1154.9891774384728, 3130)	(1540.0818160084873, 3150)	(2053.20188973223, 3050)	(2738.0836364143443, 3343)	(3651.596089383381, 3274)	(4869.516505773443, 3268)	(6493.602775039447, 3300)	(8659.676668328904, 3355)	(11547.727049077666, 3283)	(15399.230662601298, 3398)	(20535.482998945994, 3382)	(27384.44489121516, 3376)	(36517.69310895747, 3441)	(48696.897026402, 3534)	(64937.904385651374, 3815)	(86596.18929260109, 3767)	(115478.13645881198, 4134)	(153992.5954583531, 4252)	(205352.37626090428, 4561)	(273841.8507752239, 4774)	(365174.477361165, 4990)	(486967.6710799188, 5146)	(649381.3531770065, 5614)	(865964.2024933825, 5659)	(1154781.7975704328, 6087)	(1539926.0989927407, 6626)	(2053524.9171475861, 7189)	(2738419.9513537, 8005)	(3651741.453918938, 8668)	(4869675.122792588, 8996)	(6493816.129907437, 9298)	(8659643.179715894, 8974)	(11547819.707633125, 7933)	(15399265.031420039, 5570)	(20535250.18209367, 1823)	(27384196.482417535, 152)	(36517412.80701646, 0)	(48696752.52687237, 0)	(64938163.46422952, 0)	(86596432.37454994, 0)	(115478198.37527774, 0)	(153992652.47935554, 0)	(205352502.83130983, 0)	(273841963.66963774, 0)	(365174127.0595472, 0)	(486967524.83598584, 0)	(649381631.322358, 0)	(865964323.1681083, 0)	(1000000000, 0)
