Sample	0	1	2	3	4	5	6	7	8	9	10	11	12	13	14	15	16	17	18	19	20	21	22	23	24	25	26	27	28	29	30	31	32	33	34	35	36	37	38	39	40	41	42	43	44	45	46	47	48	49	50	51	52	53	54	55	56	57	58	59	60	61	62	63	64	65	66	67	68	69	70
Red19_DNase_4M	(1.4142135623730951, 14)	(2.449489742783178, 12)	(3.4641016151377544, 30)	(4.898979485566356, 287)	(6.48074069840786, 312)	(8.366600265340756, 436)	(11.40175425099138, 429)	(15.297058540778355, 1779)	(20.784609690826528, 2978)	(27.712812921102035, 3552)	(36.66060555964672, 2669)	(48.49742261192856, 2210)	(64.8074069840786, 3282)	(86.60254037844386, 7462)	(115.32562594670796, 21023)	(153.8635759366069, 105500)	(205.39230754826238, 295127)	(273.6640275958826, 434771)	(365.1739311615768, 391328)	(486.99486650271785, 185234)	(649.2303135251773, 63230)	(866.0254037844386, 30197)	(1154.9891774384728, 6160)	(1540.0818160084873, 3168)	(2053.20188973223, 2807)	(2738.0836364143443, 2619)	(3651.596089383381, 2739)	(4869.516505773443, 2723)	(6493.602775039447, 2784)	(8659.676668328904, 2690)	(11547.727049077666, 2591)	(15399.230662601298, 2505)	(20535.482998945994, 2586)	(27384.44489121516, 2526)	(36517.69310895747, 2617)	(48696.897026402, 2706)	(64937.904385651374, 2753)	(86596.18929260109, 2925)	(115478.13645881198, 2829)	(153992.5954583531, 2945)	(205352.37626090428, 3000)	(273841.8507752239, 2976)	(365174.477361165, 3188)	(486967.6710799188, 3470)	(649381.3531770065, 3484)	(865964.2024933825, 3603)	(1154781.7975704328, 3911)	(1539926.0989927407, 4077)	(2053524.9171475861, 4572)	(2738419.9513537, 4845)	(3651741.453918938, 5267)	(4869675.122792588, 5478)	(6493816.129907437, 5537)	(8659643.179715894, 5147)	(11547819.707633125, 4602)	(15399265.031420039, 3113)	(20535250.18209367, 979)	(27384196.482417535, 87)	(36517412.80701646, 0)	(48696752.52687237, 0)	(64938163.46422952, 0)	(86596432.37454994, 0)	(115478198.37527774, 0)	(153992652.47935554, 0)	(205352502.83130983, 0)	(273841963.66963774, 0)	(365174127.0595472, 0)	(486967524.83598584, 0)	(649381631.322358, 0)	(865964323.1681083, 0)	(1000000000, 0)
Red19_DNase_4M.pairsam.stat	(1.4142135623730951, 14)	(2.449489742783178, 12)	(3.4641016151377544, 30)	(4.898979485566356, 287)	(6.48074069840786, 312)	(8.366600265340756, 438)	(11.40175425099138, 433)	(15.297058540778355, 1788)	(20.784609690826528, 3007)	(27.712812921102035, 3574)	(36.66060555964672, 2690)	(48.49742261192856, 2225)	(64.8074069840786, 3297)	(86.60254037844386, 7492)	(115.32562594670796, 21095)	(153.8635759366069, 105960)	(205.39230754826238, 296791)	(273.6640275958826, 437421)	(365.1739311615768, 393978)	(486.99486650271785, 186641)	(649.2303135251773, 63780)	(866.0254037844386, 30445)	(1154.9891774384728, 6188)	(1540.0818160084873, 3187)	(2053.20188973223, 2824)	(2738.0836364143443, 2638)	(3651.596089383381, 2758)	(4869.516505773443, 2738)	(6493.602775039447, 2798)	(8659.676668328904, 2708)	(11547.727049077666, 2606)	(15399.230662601298, 2527)	(20535.482998945994, 2603)	(27384.44489121516, 2532)	(36517.69310895747, 2635)	(48696.897026402, 2722)	(64937.904385651374, 2773)	(86596.18929260109, 2952)	(115478.13645881198, 2846)	(153992.5954583531, 2966)	(205352.37626090428, 3020)	(273841.8507752239, 2989)	(365174.477361165, 3210)	(486967.6710799188, 3494)	(649381.3531770065, 3503)	(865964.2024933825, 3624)	(1154781.7975704328, 3930)	(1539926.0989927407, 4112)	(2053524.9171475861, 4601)	(2738419.9513537, 4872)	(3651741.453918938, 5294)	(4869675.122792588, 5520)	(6493816.129907437, 5569)	(8659643.179715894, 5172)	(11547819.707633125, 4637)	(15399265.031420039, 3132)	(20535250.18209367, 983)	(27384196.482417535, 88)	(36517412.80701646, 0)	(48696752.52687237, 0)	(64938163.46422952, 0)	(86596432.37454994, 0)	(115478198.37527774, 0)	(153992652.47935554, 0)	(205352502.83130983, 0)	(273841963.66963774, 0)	(365174127.0595472, 0)	(486967524.83598584, 0)	(649381631.322358, 0)	(865964323.1681083, 0)	(1000000000, 0)
Red19_DNase_7M	(1.4142135623730951, 33)	(2.449489742783178, 23)	(3.4641016151377544, 56)	(4.898979485566356, 523)	(6.48074069840786, 561)	(8.366600265340756, 822)	(11.40175425099138, 878)	(15.297058540778355, 3362)	(20.784609690826528, 5485)	(27.712812921102035, 6668)	(36.66060555964672, 4904)	(48.49742261192856, 4194)	(64.8074069840786, 6066)	(86.60254037844386, 13926)	(115.32562594670796, 39444)	(153.8635759366069, 197665)	(205.39230754826238, 550880)	(273.6640275958826, 810400)	(365.1739311615768, 728801)	(486.99486650271785, 345429)	(649.2303135251773, 117681)	(866.0254037844386, 56173)	(1154.9891774384728, 11479)	(1540.0818160084873, 5836)	(2053.20188973223, 5257)	(2738.0836364143443, 4972)	(3651.596089383381, 5089)	(4869.516505773443, 5178)	(6493.602775039447, 5258)	(8659.676668328904, 5091)	(11547.727049077666, 4879)	(15399.230662601298, 4843)	(20535.482998945994, 4883)	(27384.44489121516, 4705)	(36517.69310895747, 4825)	(48696.897026402, 5016)	(64937.904385651374, 5011)	(86596.18929260109, 5534)	(115478.13645881198, 5286)	(153992.5954583531, 5558)	(205352.37626090428, 5569)	(273841.8507752239, 5721)	(365174.477361165, 6070)	(486967.6710799188, 6474)	(649381.3531770065, 6565)	(865964.2024933825, 6797)	(1154781.7975704328, 7285)	(1539926.0989927407, 7726)	(2053524.9171475861, 8563)	(2738419.9513537, 9055)	(3651741.453918938, 9844)	(4869675.122792588, 10240)	(6493816.129907437, 10299)	(8659643.179715894, 9758)	(11547819.707633125, 8527)	(15399265.031420039, 5730)	(20535250.18209367, 1864)	(27384196.482417535, 160)	(36517412.80701646, 0)	(48696752.52687237, 0)	(64938163.46422952, 0)	(86596432.37454994, 0)	(115478198.37527774, 0)	(153992652.47935554, 0)	(205352502.83130983, 0)	(273841963.66963774, 0)	(365174127.0595472, 0)	(486967524.83598584, 0)	(649381631.322358, 0)	(865964323.1681083, 0)	(1000000000, 0)
Red19_DNase_7M.pairsam.stat	(1.4142135623730951, 34)	(2.449489742783178, 23)	(3.4641016151377544, 57)	(4.898979485566356, 528)	(6.48074069840786, 567)	(8.366600265340756, 828)	(11.40175425099138, 893)	(15.297058540778355, 3396)	(20.784609690826528, 5557)	(27.712812921102035, 6742)	(36.66060555964672, 4960)	(48.49742261192856, 4248)	(64.8074069840786, 6122)	(86.60254037844386, 14044)	(115.32562594670796, 39694)	(153.8635759366069, 199319)	(205.39230754826238, 556392)	(273.6640275958826, 819419)	(365.1739311615768, 738056)	(486.99486650271785, 350335)	(649.2303135251773, 119600)	(866.0254037844386, 57002)	(1154.9891774384728, 11596)	(1540.0818160084873, 5899)	(2053.20188973223, 5313)	(2738.0836364143443, 5038)	(3651.596089383381, 5149)	(4869.516505773443, 5237)	(6493.602775039447, 5321)	(8659.676668328904, 5142)	(11547.727049077666, 4929)	(15399.230662601298, 4905)	(20535.482998945994, 4938)	(27384.44489121516, 4757)	(36517.69310895747, 4904)	(48696.897026402, 5064)	(64937.904385651374, 5081)	(86596.18929260109, 5628)	(115478.13645881198, 5348)	(153992.5954583531, 5630)	(205352.37626090428, 5629)	(273841.8507752239, 5792)	(365174.477361165, 6129)	(486967.6710799188, 6570)	(649381.3531770065, 6648)	(865964.2024933825, 6879)	(1154781.7975704328, 7364)	(1539926.0989927407, 7830)	(2053524.9171475861, 8662)	(2738419.9513537, 9141)	(3651741.453918938, 9967)	(4869675.122792588, 10364)	(6493816.129907437, 10415)	(8659643.179715894, 9856)	(11547819.707633125, 8627)	(15399265.031420039, 5797)	(20535250.18209367, 1887)	(27384196.482417535, 166)	(36517412.80701646, 0)	(48696752.52687237, 0)	(64938163.46422952, 0)	(86596432.37454994, 0)	(115478198.37527774, 0)	(153992652.47935554, 0)	(205352502.83130983, 0)	(273841963.66963774, 0)	(365174127.0595472, 0)	(486967524.83598584, 0)	(649381631.322358, 0)	(865964323.1681083, 0)	(1000000000, 0)
Red19_FS1H	(1.4142135623730951, 22)	(2.449489742783178, 129)	(3.4641016151377544, 37)	(4.898979485566356, 71)	(6.48074069840786, 27)	(8.366600265340756, 261)	(11.40175425099138, 656)	(15.297058540778355, 1787)	(20.784609690826528, 2019)	(27.712812921102035, 1209)	(36.66060555964672, 559)	(48.49742261192856, 564)	(64.8074069840786, 1616)	(86.60254037844386, 9866)	(115.32562594670796, 56802)	(153.8635759366069, 207032)	(205.39230754826238, 511988)	(273.6640275958826, 838254)	(365.1739311615768, 690792)	(486.99486650271785, 232814)	(649.2303135251773, 13688)	(866.0254037844386, 2413)	(1154.9891774384728, 1988)	(1540.0818160084873, 1767)	(2053.20188973223, 1436)	(2738.0836364143443, 1183)	(3651.596089383381, 1341)	(4869.516505773443, 1412)	(6493.602775039447, 1366)	(8659.676668328904, 1299)	(11547.727049077666, 1269)	(15399.230662601298, 1165)	(20535.482998945994, 1300)	(27384.44489121516, 1228)	(36517.69310895747, 1196)	(48696.897026402, 1323)	(64937.904385651374, 1354)	(86596.18929260109, 1441)	(115478.13645881198, 1342)	(153992.5954583531, 1397)	(205352.37626090428, 1435)	(273841.8507752239, 1527)	(365174.477361165, 1566)	(486967.6710799188, 1830)	(649381.3531770065, 1755)	(865964.2024933825, 1912)	(1154781.7975704328, 2001)	(1539926.0989927407, 2168)	(2053524.9171475861, 2252)	(2738419.9513537, 2590)	(3651741.453918938, 2833)	(4869675.122792588, 3011)	(6493816.129907437, 3113)	(8659643.179715894, 2969)	(11547819.707633125, 2677)	(15399265.031420039, 1859)	(20535250.18209367, 642)	(27384196.482417535, 54)	(36517412.80701646, 0)	(48696752.52687237, 0)	(64938163.46422952, 0)	(86596432.37454994, 0)	(115478198.37527774, 0)	(153992652.47935554, 0)	(205352502.83130983, 0)	(273841963.66963774, 0)	(365174127.0595472, 0)	(486967524.83598584, 0)	(649381631.322358, 0)	(865964323.1681083, 0)	(1000000000, 0)
Red19_FS1H.pairsam.stat	(1.4142135623730951, 23)	(2.449489742783178, 139)	(3.4641016151377544, 40)	(4.898979485566356, 76)	(6.48074069840786, 31)	(8.366600265340756, 277)	(11.40175425099138, 685)	(15.297058540778355, 1885)	(20.784609690826528, 2135)	(27.712812921102035, 1284)	(36.66060555964672, 613)	(48.49742261192856, 630)	(64.8074069840786, 1732)	(86.60254037844386, 10327)	(115.32562594670796, 60620)	(153.8635759366069, 229671)	(205.39230754826238, 578446)	(273.6640275958826, 929675)	(365.1739311615768, 737241)	(486.99486650271785, 240132)	(649.2303135251773, 13937)	(866.0254037844386, 2580)	(1154.9891774384728, 2134)	(1540.0818160084873, 1875)	(2053.20188973223, 1548)	(2738.0836364143443, 1260)	(3651.596089383381, 1441)	(4869.516505773443, 1531)	(6493.602775039447, 1476)	(8659.676668328904, 1401)	(11547.727049077666, 1353)	(15399.230662601298, 1255)	(20535.482998945994, 1400)	(27384.44489121516, 1324)	(36517.69310895747, 1292)	(48696.897026402, 1409)	(64937.904385651374, 1464)	(86596.18929260109, 1561)	(115478.13645881198, 1443)	(153992.5954583531, 1507)	(205352.37626090428, 1541)	(273841.8507752239, 1625)	(365174.477361165, 1698)	(486967.6710799188, 1964)	(649381.3531770065, 1888)	(865964.2024933825, 2047)	(1154781.7975704328, 2158)	(1539926.0989927407, 2326)	(2053524.9171475861, 2407)	(2738419.9513537, 2792)	(3651741.453918938, 3056)	(4869675.122792588, 3237)	(6493816.129907437, 3354)	(8659643.179715894, 3184)	(11547819.707633125, 2844)	(15399265.031420039, 1993)	(20535250.18209367, 702)	(27384196.482417535, 59)	(36517412.80701646, 0)	(48696752.52687237, 0)	(64938163.46422952, 0)	(86596432.37454994, 0)	(115478198.37527774, 0)	(153992652.47935554, 0)	(205352502.83130983, 0)	(273841963.66963774, 0)	(365174127.0595472, 0)	(486967524.83598584, 0)	(649381631.322358, 0)	(865964323.1681083, 0)	(1000000000, 0)
Red19_FS2H	(1.4142135623730951, 20)	(2.449489742783178, 111)	(3.4641016151377544, 40)	(4.898979485566356, 110)	(6.48074069840786, 57)	(8.366600265340756, 330)	(11.40175425099138, 715)	(15.297058540778355, 2254)	(20.784609690826528, 2481)	(27.712812921102035, 1674)	(36.66060555964672, 774)	(48.49742261192856, 1067)	(64.8074069840786, 2935)	(86.60254037844386, 14197)	(115.32562594670796, 74933)	(153.8635759366069, 330120)	(205.39230754826238, 967667)	(273.6640275958826, 1315865)	(365.1739311615768, 972693)	(486.99486650271785, 343604)	(649.2303135251773, 22270)	(866.0254037844386, 4027)	(1154.9891774384728, 3537)	(1540.0818160084873, 3385)	(2053.20188973223, 2898)	(2738.0836364143443, 2667)	(3651.596089383381, 2823)	(4869.516505773443, 2892)	(6493.602775039447, 2994)	(8659.676668328904, 2872)	(11547.727049077666, 2801)	(15399.230662601298, 2723)	(20535.482998945994, 2878)	(27384.44489121516, 2809)	(36517.69310895747, 2914)	(48696.897026402, 2948)	(64937.904385651374, 3045)	(86596.18929260109, 3366)	(115478.13645881198, 3216)	(153992.5954583531, 3384)	(205352.37626090428, 3296)	(273841.8507752239, 3505)	(365174.477361165, 3710)	(486967.6710799188, 4140)	(649381.3531770065, 4143)	(865964.2024933825, 4458)	(1154781.7975704328, 4660)	(1539926.0989927407, 4919)	(2053524.9171475861, 5489)	(2738419.9513537, 5803)	(3651741.453918938, 6594)	(4869675.122792588, 6766)	(6493816.129907437, 7040)	(8659643.179715894, 6687)	(11547819.707633125, 6042)	(15399265.031420039, 4345)	(20535250.18209367, 1429)	(27384196.482417535, 109)	(36517412.80701646, 0)	(48696752.52687237, 0)	(64938163.46422952, 0)	(86596432.37454994, 0)	(115478198.37527774, 0)	(153992652.47935554, 0)	(205352502.83130983, 0)	(273841963.66963774, 0)	(365174127.0595472, 0)	(486967524.83598584, 0)	(649381631.322358, 0)	(865964323.1681083, 0)	(1000000000, 0)
Red19_FS2H.pairsam.stat	(1.4142135623730951, 24)	(2.449489742783178, 114)	(3.4641016151377544, 42)	(4.898979485566356, 116)	(6.48074069840786, 59)	(8.366600265340756, 342)	(11.40175425099138, 747)	(15.297058540778355, 2354)	(20.784609690826528, 2575)	(27.712812921102035, 1752)	(36.66060555964672, 825)	(48.49742261192856, 1144)	(64.8074069840786, 3105)	(86.60254037844386, 14701)	(115.32562594670796, 77946)	(153.8635759366069, 353187)	(205.39230754826238, 1056527)	(273.6640275958826, 1421307)	(365.1739311615768, 1021636)	(486.99486650271785, 352117)	(649.2303135251773, 22663)	(866.0254037844386, 4233)	(1154.9891774384728, 3745)	(1540.0818160084873, 3569)	(2053.20188973223, 3063)	(2738.0836364143443, 2812)	(3651.596089383381, 2996)	(4869.516505773443, 3050)	(6493.602775039447, 3137)	(8659.676668328904, 3036)	(11547.727049077666, 2951)	(15399.230662601298, 2881)	(20535.482998945994, 3067)	(27384.44489121516, 2961)	(36517.69310895747, 3074)	(48696.897026402, 3104)	(64937.904385651374, 3194)	(86596.18929260109, 3567)	(115478.13645881198, 3419)	(153992.5954583531, 3571)	(205352.37626090428, 3486)	(273841.8507752239, 3677)	(365174.477361165, 3929)	(486967.6710799188, 4407)	(649381.3531770065, 4391)	(865964.2024933825, 4692)	(1154781.7975704328, 4908)	(1539926.0989927407, 5189)	(2053524.9171475861, 5780)	(2738419.9513537, 6133)	(3651741.453918938, 6989)	(4869675.122792588, 7088)	(6493816.129907437, 7444)	(8659643.179715894, 7074)	(11547819.707633125, 6401)	(15399265.031420039, 4586)	(20535250.18209367, 1509)	(27384196.482417535, 114)	(36517412.80701646, 0)	(48696752.52687237, 0)	(64938163.46422952, 0)	(86596432.37454994, 0)	(115478198.37527774, 0)	(153992652.47935554, 0)	(205352502.83130983, 0)	(273841963.66963774, 0)	(365174127.0595472, 0)	(486967524.83598584, 0)	(649381631.322358, 0)	(865964323.1681083, 0)	(1000000000, 0)
Red19_FS3H	(1.4142135623730951, 32)	(2.449489742783178, 45)	(3.4641016151377544, 56)	(4.898979485566356, 131)	(6.48074069840786, 77)	(8.366600265340756, 600)	(11.40175425099138, 1263)	(15.297058540778355, 3781)	(20.784609690826528, 3973)	(27.712812921102035, 2398)	(36.66060555964672, 1232)	(48.49742261192856, 1626)	(64.8074069840786, 3861)	(86.60254037844386, 13413)	(115.32562594670796, 51340)	(153.8635759366069, 217315)	(205.39230754826238, 642993)	(273.6640275958826, 1154007)	(365.1739311615768, 892757)	(486.99486650271785, 298464)	(649.2303135251773, 21640)	(866.0254037844386, 4846)	(1154.9891774384728, 4268)	(1540.0818160084873, 4061)	(2053.20188973223, 3652)	(2738.0836364143443, 3516)	(3651.596089383381, 3646)	(4869.516505773443, 3793)	(6493.602775039447, 3750)	(8659.676668328904, 3626)	(11547.727049077666, 3632)	(15399.230662601298, 3455)	(20535.482998945994, 3534)	(27384.44489121516, 3508)	(36517.69310895747, 3627)	(48696.897026402, 3894)	(64937.904385651374, 3956)	(86596.18929260109, 4179)	(115478.13645881198, 4102)	(153992.5954583531, 4298)	(205352.37626090428, 4569)	(273841.8507752239, 4604)	(365174.477361165, 4905)	(486967.6710799188, 5168)	(649381.3531770065, 5304)	(865964.2024933825, 5707)	(1154781.7975704328, 5920)	(1539926.0989927407, 6505)	(2053524.9171475861, 7091)	(2738419.9513537, 7617)	(3651741.453918938, 8480)	(4869675.122792588, 8884)	(6493816.129907437, 9016)	(8659643.179715894, 8579)	(11547819.707633125, 7761)	(15399265.031420039, 5351)	(20535250.18209367, 1785)	(27384196.482417535, 169)	(36517412.80701646, 0)	(48696752.52687237, 0)	(64938163.46422952, 0)	(86596432.37454994, 0)	(115478198.37527774, 0)	(153992652.47935554, 0)	(205352502.83130983, 0)	(273841963.66963774, 0)	(365174127.0595472, 0)	(486967524.83598584, 0)	(649381631.322358, 0)	(865964323.1681083, 0)	(1000000000, 0)
Red19_FS3H.pairsam.stat	(1.4142135623730951, 32)	(2.449489742783178, 47)	(3.4641016151377544, 57)	(4.898979485566356, 135)	(6.48074069840786, 77)	(8.366600265340756, 610)	(11.40175425099138, 1284)	(15.297058540778355, 3860)	(20.784609690826528, 4040)	(27.712812921102035, 2440)	(36.66060555964672, 1261)	(48.49742261192856, 1663)	(64.8074069840786, 3961)	(86.60254037844386, 13632)	(115.32562594670796, 52101)	(153.8635759366069, 222713)	(205.39230754826238, 665587)	(273.6640275958826, 1190993)	(365.1739311615768, 911395)	(486.99486650271785, 301622)	(649.2303135251773, 21805)	(866.0254037844386, 4961)	(1154.9891774384728, 4347)	(1540.0818160084873, 4163)	(2053.20188973223, 3738)	(2738.0836364143443, 3613)	(3651.596089383381, 3731)	(4869.516505773443, 3885)	(6493.602775039447, 3840)	(8659.676668328904, 3707)	(11547.727049077666, 3717)	(15399.230662601298, 3524)	(20535.482998945994, 3625)	(27384.44489121516, 3590)	(36517.69310895747, 3707)	(48696.897026402, 3983)	(64937.904385651374, 4039)	(86596.18929260109, 4287)	(115478.13645881198, 4202)	(153992.5954583531, 4391)	(205352.37626090428, 4667)	(273841.8507752239, 4722)	(365174.477361165, 5046)	(486967.6710799188, 5320)	(649381.3531770065, 5413)	(865964.2024933825, 5835)	(1154781.7975704328, 6054)	(1539926.0989927407, 6654)	(2053524.9171475861, 7250)	(2738419.9513537, 7797)	(3651741.453918938, 8674)	(4869675.122792588, 9065)	(6493816.129907437, 9217)	(8659643.179715894, 8761)	(11547819.707633125, 7948)	(15399265.031420039, 5459)	(20535250.18209367, 1828)	(27384196.482417535, 172)	(36517412.80701646, 0)	(48696752.52687237, 0)	(64938163.46422952, 0)	(86596432.37454994, 0)	(115478198.37527774, 0)	(153992652.47935554, 0)	(205352502.83130983, 0)	(273841963.66963774, 0)	(365174127.0595472, 0)	(486967524.83598584, 0)	(649381631.322358, 0)	(865964323.1681083, 0)	(1000000000, 0)
