Sample	0	1	2	3	4	5	6	7	8	9	10	11	12	13	14	15	16	17	18	19	20	21	22	23	24	25	26	27	28	29	30	31	32	33	34	35	36	37	38	39	40	41	42	43	44	45	46	47	48	49	50	51	52	53	54	55	56	57	58	59	60	61	62	63	64	65	66	67	68	69	70
Red19_DNase_4M	(1.4142135623730951, 1)	(2.449489742783178, 2)	(3.4641016151377544, 2)	(4.898979485566356, 0)	(6.48074069840786, 1)	(8.366600265340756, 1)	(11.40175425099138, 0)	(15.297058540778355, 0)	(20.784609690826528, 0)	(27.712812921102035, 10)	(36.66060555964672, 72)	(48.49742261192856, 176)	(64.8074069840786, 384)	(86.60254037844386, 676)	(115.32562594670796, 976)	(153.8635759366069, 1501)	(205.39230754826238, 1893)	(273.6640275958826, 2315)	(365.1739311615768, 2717)	(486.99486650271785, 2531)	(649.2303135251773, 2543)	(866.0254037844386, 2414)	(1154.9891774384728, 2443)	(1540.0818160084873, 2296)	(2053.20188973223, 2417)	(2738.0836364143443, 2432)	(3651.596089383381, 2433)	(4869.516505773443, 2486)	(6493.602775039447, 2538)	(8659.676668328904, 2426)	(11547.727049077666, 2457)	(15399.230662601298, 2334)	(20535.482998945994, 2410)	(27384.44489121516, 2429)	(36517.69310895747, 2459)	(48696.897026402, 2500)	(64937.904385651374, 2559)	(86596.18929260109, 2782)	(115478.13645881198, 2779)	(153992.5954583531, 2868)	(205352.37626090428, 3020)	(273841.8507752239, 3111)	(365174.477361165, 3290)	(486967.6710799188, 3274)	(649381.3531770065, 3377)	(865964.2024933825, 3608)	(1154781.7975704328, 3933)	(1539926.0989927407, 4149)	(2053524.9171475861, 4523)	(2738419.9513537, 4951)	(3651741.453918938, 5107)	(4869675.122792588, 5555)	(6493816.129907437, 5574)	(8659643.179715894, 5267)	(11547819.707633125, 4644)	(15399265.031420039, 3066)	(20535250.18209367, 992)	(27384196.482417535, 76)	(36517412.80701646, 0)	(48696752.52687237, 0)	(64938163.46422952, 0)	(86596432.37454994, 0)	(115478198.37527774, 0)	(153992652.47935554, 0)	(205352502.83130983, 0)	(273841963.66963774, 0)	(365174127.0595472, 0)	(486967524.83598584, 0)	(649381631.322358, 0)	(865964323.1681083, 0)	(1000000000, 0)
Red19_DNase_4M.pairsam.stat	(1.4142135623730951, 301)	(2.449489742783178, 79)	(3.4641016151377544, 6)	(4.898979485566356, 0)	(6.48074069840786, 1)	(8.366600265340756, 1)	(11.40175425099138, 0)	(15.297058540778355, 0)	(20.784609690826528, 0)	(27.712812921102035, 10)	(36.66060555964672, 73)	(48.49742261192856, 176)	(64.8074069840786, 386)	(86.60254037844386, 681)	(115.32562594670796, 981)	(153.8635759366069, 1510)	(205.39230754826238, 1907)	(273.6640275958826, 2326)	(365.1739311615768, 2736)	(486.99486650271785, 2545)	(649.2303135251773, 2562)	(866.0254037844386, 2432)	(1154.9891774384728, 2455)	(1540.0818160084873, 2310)	(2053.20188973223, 2434)	(2738.0836364143443, 2443)	(3651.596089383381, 2459)	(4869.516505773443, 2502)	(6493.602775039447, 2555)	(8659.676668328904, 2439)	(11547.727049077666, 2469)	(15399.230662601298, 2348)	(20535.482998945994, 2434)	(27384.44489121516, 2439)	(36517.69310895747, 2469)	(48696.897026402, 2520)	(64937.904385651374, 2569)	(86596.18929260109, 2798)	(115478.13645881198, 2787)	(153992.5954583531, 2887)	(205352.37626090428, 3038)	(273841.8507752239, 3130)	(365174.477361165, 3312)	(486967.6710799188, 3289)	(649381.3531770065, 3394)	(865964.2024933825, 3642)	(1154781.7975704328, 3954)	(1539926.0989927407, 4183)	(2053524.9171475861, 4553)	(2738419.9513537, 4981)	(3651741.453918938, 5140)	(4869675.122792588, 5583)	(6493816.129907437, 5617)	(8659643.179715894, 5298)	(11547819.707633125, 4676)	(15399265.031420039, 3081)	(20535250.18209367, 997)	(27384196.482417535, 77)	(36517412.80701646, 0)	(48696752.52687237, 0)	(64938163.46422952, 0)	(86596432.37454994, 0)	(115478198.37527774, 0)	(153992652.47935554, 0)	(205352502.83130983, 0)	(273841963.66963774, 0)	(365174127.0595472, 0)	(486967524.83598584, 0)	(649381631.322358, 0)	(865964323.1681083, 0)	(1000000000, 0)
Red19_DNase_7M	(1.4142135623730951, 2)	(2.449489742783178, 4)	(3.4641016151377544, 1)	(4.898979485566356, 0)	(6.48074069840786, 2)	(8.366600265340756, 2)	(11.40175425099138, 1)	(15.297058540778355, 3)	(20.784609690826528, 4)	(27.712812921102035, 22)	(36.66060555964672, 117)	(48.49742261192856, 337)	(64.8074069840786, 710)	(86.60254037844386, 1227)	(115.32562594670796, 1773)	(153.8635759366069, 2763)	(205.39230754826238, 3560)	(273.6640275958826, 4290)	(365.1739311615768, 4951)	(486.99486650271785, 4756)	(649.2303135251773, 4741)	(866.0254037844386, 4570)	(1154.9891774384728, 4520)	(1540.0818160084873, 4435)	(2053.20188973223, 4539)	(2738.0836364143443, 4560)	(3651.596089383381, 4540)	(4869.516505773443, 4633)	(6493.602775039447, 4641)	(8659.676668328904, 4609)	(11547.727049077666, 4673)	(15399.230662601298, 4548)	(20535.482998945994, 4543)	(27384.44489121516, 4441)	(36517.69310895747, 4613)	(48696.897026402, 4694)	(64937.904385651374, 4849)	(86596.18929260109, 5059)	(115478.13645881198, 5255)	(153992.5954583531, 5349)	(205352.37626090428, 5665)	(273841.8507752239, 5817)	(365174.477361165, 6049)	(486967.6710799188, 6225)	(649381.3531770065, 6361)	(865964.2024933825, 6810)	(1154781.7975704328, 7284)	(1539926.0989927407, 7861)	(2053524.9171475861, 8428)	(2738419.9513537, 9205)	(3651741.453918938, 9754)	(4869675.122792588, 10255)	(6493816.129907437, 10431)	(8659643.179715894, 9838)	(11547819.707633125, 8548)	(15399265.031420039, 5696)	(20535250.18209367, 1901)	(27384196.482417535, 150)	(36517412.80701646, 0)	(48696752.52687237, 0)	(64938163.46422952, 0)	(86596432.37454994, 0)	(115478198.37527774, 0)	(153992652.47935554, 0)	(205352502.83130983, 0)	(273841963.66963774, 0)	(365174127.0595472, 0)	(486967524.83598584, 0)	(649381631.322358, 0)	(865964323.1681083, 0)	(1000000000, 0)
Red19_DNase_7M.pairsam.stat	(1.4142135623730951, 573)	(2.449489742783178, 157)	(3.4641016151377544, 11)	(4.898979485566356, 1)	(6.48074069840786, 2)	(8.366600265340756, 2)	(11.40175425099138, 1)	(15.297058540778355, 3)	(20.784609690826528, 4)	(27.712812921102035, 22)	(36.66060555964672, 119)	(48.49742261192856, 339)	(64.8074069840786, 718)	(86.60254037844386, 1242)	(115.32562594670796, 1793)	(153.8635759366069, 2789)	(205.39230754826238, 3599)	(273.6640275958826, 4329)	(365.1739311615768, 5004)	(486.99486650271785, 4799)	(649.2303135251773, 4792)	(866.0254037844386, 4630)	(1154.9891774384728, 4567)	(1540.0818160084873, 4482)	(2053.20188973223, 4582)	(2738.0836364143443, 4616)	(3651.596089383381, 4598)	(4869.516505773443, 4689)	(6493.602775039447, 4679)	(8659.676668328904, 4663)	(11547.727049077666, 4719)	(15399.230662601298, 4610)	(20535.482998945994, 4601)	(27384.44489121516, 4484)	(36517.69310895747, 4669)	(48696.897026402, 4750)	(64937.904385651374, 4914)	(86596.18929260109, 5117)	(115478.13645881198, 5310)	(153992.5954583531, 5417)	(205352.37626090428, 5714)	(273841.8507752239, 5891)	(365174.477361165, 6116)	(486967.6710799188, 6281)	(649381.3531770065, 6435)	(865964.2024933825, 6896)	(1154781.7975704328, 7368)	(1539926.0989927407, 7974)	(2053524.9171475861, 8537)	(2738419.9513537, 9301)	(3651741.453918938, 9871)	(4869675.122792588, 10374)	(6493816.129907437, 10583)	(8659643.179715894, 9956)	(11547819.707633125, 8655)	(15399265.031420039, 5760)	(20535250.18209367, 1923)	(27384196.482417535, 152)	(36517412.80701646, 0)	(48696752.52687237, 0)	(64938163.46422952, 0)	(86596432.37454994, 0)	(115478198.37527774, 0)	(153992652.47935554, 0)	(205352502.83130983, 0)	(273841963.66963774, 0)	(365174127.0595472, 0)	(486967524.83598584, 0)	(649381631.322358, 0)	(865964323.1681083, 0)	(1000000000, 0)
Red19_FS1H	(1.4142135623730951, 1)	(2.449489742783178, 0)	(3.4641016151377544, 0)	(4.898979485566356, 1)	(6.48074069840786, 0)	(8.366600265340756, 0)	(11.40175425099138, 1)	(15.297058540778355, 2)	(20.784609690826528, 3)	(27.712812921102035, 15)	(36.66060555964672, 36)	(48.49742261192856, 79)	(64.8074069840786, 185)	(86.60254037844386, 297)	(115.32562594670796, 518)	(153.8635759366069, 742)	(205.39230754826238, 1055)	(273.6640275958826, 1314)	(365.1739311615768, 1229)	(486.99486650271785, 929)	(649.2303135251773, 928)	(866.0254037844386, 969)	(1154.9891774384728, 940)	(1540.0818160084873, 947)	(2053.20188973223, 976)	(2738.0836364143443, 1022)	(3651.596089383381, 997)	(4869.516505773443, 1030)	(6493.602775039447, 928)	(8659.676668328904, 999)	(11547.727049077666, 1047)	(15399.230662601298, 1012)	(20535.482998945994, 1077)	(27384.44489121516, 1009)	(36517.69310895747, 1070)	(48696.897026402, 1130)	(64937.904385651374, 1124)	(86596.18929260109, 1240)	(115478.13645881198, 1319)	(153992.5954583531, 1312)	(205352.37626090428, 1468)	(273841.8507752239, 1562)	(365174.477361165, 1514)	(486967.6710799188, 1694)	(649381.3531770065, 1711)	(865964.2024933825, 1853)	(1154781.7975704328, 2020)	(1539926.0989927407, 2154)	(2053524.9171475861, 2409)	(2738419.9513537, 2621)	(3651741.453918938, 2756)	(4869675.122792588, 2910)	(6493816.129907437, 3055)	(8659643.179715894, 3012)	(11547819.707633125, 2650)	(15399265.031420039, 1866)	(20535250.18209367, 631)	(27384196.482417535, 49)	(36517412.80701646, 0)	(48696752.52687237, 0)	(64938163.46422952, 0)	(86596432.37454994, 0)	(115478198.37527774, 0)	(153992652.47935554, 0)	(205352502.83130983, 0)	(273841963.66963774, 0)	(365174127.0595472, 0)	(486967524.83598584, 0)	(649381631.322358, 0)	(865964323.1681083, 0)	(1000000000, 0)
Red19_FS1H.pairsam.stat	(1.4142135623730951, 1)	(2.449489742783178, 0)	(3.4641016151377544, 0)	(4.898979485566356, 1)	(6.48074069840786, 0)	(8.366600265340756, 0)	(11.40175425099138, 1)	(15.297058540778355, 2)	(20.784609690826528, 3)	(27.712812921102035, 16)	(36.66060555964672, 39)	(48.49742261192856, 88)	(64.8074069840786, 196)	(86.60254037844386, 318)	(115.32562594670796, 566)	(153.8635759366069, 803)	(205.39230754826238, 1145)	(273.6640275958826, 1421)	(365.1739311615768, 1309)	(486.99486650271785, 997)	(649.2303135251773, 1010)	(866.0254037844386, 1040)	(1154.9891774384728, 1012)	(1540.0818160084873, 1013)	(2053.20188973223, 1044)	(2738.0836364143443, 1105)	(3651.596089383381, 1072)	(4869.516505773443, 1103)	(6493.602775039447, 995)	(8659.676668328904, 1090)	(11547.727049077666, 1139)	(15399.230662601298, 1082)	(20535.482998945994, 1163)	(27384.44489121516, 1076)	(36517.69310895747, 1134)	(48696.897026402, 1221)	(64937.904385651374, 1212)	(86596.18929260109, 1334)	(115478.13645881198, 1420)	(153992.5954583531, 1425)	(205352.37626090428, 1565)	(273841.8507752239, 1680)	(365174.477361165, 1614)	(486967.6710799188, 1808)	(649381.3531770065, 1845)	(865964.2024933825, 1982)	(1154781.7975704328, 2170)	(1539926.0989927407, 2308)	(2053524.9171475861, 2597)	(2738419.9513537, 2816)	(3651741.453918938, 2942)	(4869675.122792588, 3113)	(6493816.129907437, 3291)	(8659643.179715894, 3235)	(11547819.707633125, 2864)	(15399265.031420039, 2027)	(20535250.18209367, 685)	(27384196.482417535, 53)	(36517412.80701646, 0)	(48696752.52687237, 0)	(64938163.46422952, 0)	(86596432.37454994, 0)	(115478198.37527774, 0)	(153992652.47935554, 0)	(205352502.83130983, 0)	(273841963.66963774, 0)	(365174127.0595472, 0)	(486967524.83598584, 0)	(649381631.322358, 0)	(865964323.1681083, 0)	(1000000000, 0)
Red19_FS2H	(1.4142135623730951, 0)	(2.449489742783178, 0)	(3.4641016151377544, 0)	(4.898979485566356, 0)	(6.48074069840786, 0)	(8.366600265340756, 0)	(11.40175425099138, 1)	(15.297058540778355, 3)	(20.784609690826528, 5)	(27.712812921102035, 12)	(36.66060555964672, 49)	(48.49742261192856, 119)	(64.8074069840786, 275)	(86.60254037844386, 473)	(115.32562594670796, 774)	(153.8635759366069, 1214)	(205.39230754826238, 1671)	(273.6640275958826, 2134)	(365.1739311615768, 2253)	(486.99486650271785, 1994)	(649.2303135251773, 1999)	(866.0254037844386, 2052)	(1154.9891774384728, 2251)	(1540.0818160084873, 2125)	(2053.20188973223, 2202)	(2738.0836364143443, 2262)	(3651.596089383381, 2219)	(4869.516505773443, 2337)	(6493.602775039447, 2397)	(8659.676668328904, 2364)	(11547.727049077666, 2350)	(15399.230662601298, 2472)	(20535.482998945994, 2423)	(27384.44489121516, 2450)	(36517.69310895747, 2487)	(48696.897026402, 2631)	(64937.904385651374, 2807)	(86596.18929260109, 2976)	(115478.13645881198, 3086)	(153992.5954583531, 3165)	(205352.37626090428, 3449)	(273841.8507752239, 3529)	(365174.477361165, 3698)	(486967.6710799188, 3872)	(649381.3531770065, 4101)	(865964.2024933825, 4325)	(1154781.7975704328, 4688)	(1539926.0989927407, 5109)	(2053524.9171475861, 5372)	(2738419.9513537, 6102)	(3651741.453918938, 6482)	(4869675.122792588, 6916)	(6493816.129907437, 6940)	(8659643.179715894, 6612)	(11547819.707633125, 6266)	(15399265.031420039, 4275)	(20535250.18209367, 1433)	(27384196.482417535, 138)	(36517412.80701646, 0)	(48696752.52687237, 0)	(64938163.46422952, 0)	(86596432.37454994, 0)	(115478198.37527774, 0)	(153992652.47935554, 0)	(205352502.83130983, 0)	(273841963.66963774, 0)	(365174127.0595472, 0)	(486967524.83598584, 0)	(649381631.322358, 0)	(865964323.1681083, 0)	(1000000000, 0)
Red19_FS2H.pairsam.stat	(1.4142135623730951, 0)	(2.449489742783178, 0)	(3.4641016151377544, 0)	(4.898979485566356, 0)	(6.48074069840786, 0)	(8.366600265340756, 0)	(11.40175425099138, 1)	(15.297058540778355, 3)	(20.784609690826528, 5)	(27.712812921102035, 13)	(36.66060555964672, 55)	(48.49742261192856, 128)	(64.8074069840786, 289)	(86.60254037844386, 504)	(115.32562594670796, 829)	(153.8635759366069, 1293)	(205.39230754826238, 1773)	(273.6640275958826, 2255)	(365.1739311615768, 2366)	(486.99486650271785, 2085)	(649.2303135251773, 2112)	(866.0254037844386, 2154)	(1154.9891774384728, 2396)	(1540.0818160084873, 2229)	(2053.20188973223, 2328)	(2738.0836364143443, 2397)	(3651.596089383381, 2352)	(4869.516505773443, 2459)	(6493.602775039447, 2540)	(8659.676668328904, 2488)	(11547.727049077666, 2485)	(15399.230662601298, 2612)	(20535.482998945994, 2572)	(27384.44489121516, 2589)	(36517.69310895747, 2631)	(48696.897026402, 2794)	(64937.904385651374, 2964)	(86596.18929260109, 3133)	(115478.13645881198, 3260)	(153992.5954583531, 3347)	(205352.37626090428, 3658)	(273841.8507752239, 3698)	(365174.477361165, 3930)	(486967.6710799188, 4093)	(649381.3531770065, 4338)	(865964.2024933825, 4566)	(1154781.7975704328, 4971)	(1539926.0989927407, 5407)	(2053524.9171475861, 5698)	(2738419.9513537, 6473)	(3651741.453918938, 6837)	(4869675.122792588, 7258)	(6493816.129907437, 7295)	(8659643.179715894, 7026)	(11547819.707633125, 6606)	(15399265.031420039, 4522)	(20535250.18209367, 1517)	(27384196.482417535, 149)	(36517412.80701646, 0)	(48696752.52687237, 0)	(64938163.46422952, 0)	(86596432.37454994, 0)	(115478198.37527774, 0)	(153992652.47935554, 0)	(205352502.83130983, 0)	(273841963.66963774, 0)	(365174127.0595472, 0)	(486967524.83598584, 0)	(649381631.322358, 0)	(865964323.1681083, 0)	(1000000000, 0)
Red19_FS3H	(1.4142135623730951, 0)	(2.449489742783178, 0)	(3.4641016151377544, 0)	(4.898979485566356, 0)	(6.48074069840786, 0)	(8.366600265340756, 1)	(11.40175425099138, 0)	(15.297058540778355, 0)	(20.784609690826528, 3)	(27.712812921102035, 12)	(36.66060555964672, 73)	(48.49742261192856, 249)	(64.8074069840786, 529)	(86.60254037844386, 966)	(115.32562594670796, 1485)	(153.8635759366069, 2295)	(205.39230754826238, 3080)	(273.6640275958826, 3846)	(365.1739311615768, 3934)	(486.99486650271785, 3345)	(649.2303135251773, 3231)	(866.0254037844386, 3116)	(1154.9891774384728, 3167)	(1540.0818160084873, 3064)	(2053.20188973223, 3088)	(2738.0836364143443, 3205)	(3651.596089383381, 3198)	(4869.516505773443, 3192)	(6493.602775039447, 3353)	(8659.676668328904, 3284)	(11547.727049077666, 3370)	(15399.230662601298, 3353)	(20535.482998945994, 3253)	(27384.44489121516, 3281)	(36517.69310895747, 3418)	(48696.897026402, 3520)	(64937.904385651374, 3597)	(86596.18929260109, 3870)	(115478.13645881198, 4005)	(153992.5954583531, 4282)	(205352.37626090428, 4441)	(273841.8507752239, 4744)	(365174.477361165, 4967)	(486967.6710799188, 5081)	(649381.3531770065, 5324)	(865964.2024933825, 5565)	(1154781.7975704328, 6189)	(1539926.0989927407, 6656)	(2053524.9171475861, 7071)	(2738419.9513537, 8030)	(3651741.453918938, 8329)	(4869675.122792588, 8933)	(6493816.129907437, 8976)	(8659643.179715894, 8661)	(11547819.707633125, 7580)	(15399265.031420039, 5454)	(20535250.18209367, 1760)	(27384196.482417535, 160)	(36517412.80701646, 0)	(48696752.52687237, 0)	(64938163.46422952, 0)	(86596432.37454994, 0)	(115478198.37527774, 0)	(153992652.47935554, 0)	(205352502.83130983, 0)	(273841963.66963774, 0)	(365174127.0595472, 0)	(486967524.83598584, 0)	(649381631.322358, 0)	(865964323.1681083, 0)	(1000000000, 0)
Red19_FS3H.pairsam.stat	(1.4142135623730951, 0)	(2.449489742783178, 0)	(3.4641016151377544, 0)	(4.898979485566356, 0)	(6.48074069840786, 0)	(8.366600265340756, 1)	(11.40175425099138, 0)	(15.297058540778355, 0)	(20.784609690826528, 3)	(27.712812921102035, 12)	(36.66060555964672, 76)	(48.49742261192856, 253)	(64.8074069840786, 544)	(86.60254037844386, 993)	(115.32562594670796, 1518)	(153.8635759366069, 2350)	(205.39230754826238, 3159)	(273.6640275958826, 3949)	(365.1739311615768, 4025)	(486.99486650271785, 3426)	(649.2303135251773, 3299)	(866.0254037844386, 3197)	(1154.9891774384728, 3247)	(1540.0818160084873, 3143)	(2053.20188973223, 3143)	(2738.0836364143443, 3285)	(3651.596089383381, 3267)	(4869.516505773443, 3258)	(6493.602775039447, 3425)	(8659.676668328904, 3352)	(11547.727049077666, 3459)	(15399.230662601298, 3442)	(20535.482998945994, 3315)	(27384.44489121516, 3343)	(36517.69310895747, 3496)	(48696.897026402, 3595)	(64937.904385651374, 3685)	(86596.18929260109, 3961)	(115478.13645881198, 4076)	(153992.5954583531, 4375)	(205352.37626090428, 4531)	(273841.8507752239, 4854)	(365174.477361165, 5069)	(486967.6710799188, 5193)	(649381.3531770065, 5456)	(865964.2024933825, 5673)	(1154781.7975704328, 6344)	(1539926.0989927407, 6802)	(2053524.9171475861, 7220)	(2738419.9513537, 8239)	(3651741.453918938, 8520)	(4869675.122792588, 9116)	(6493816.129907437, 9165)	(8659643.179715894, 8842)	(11547819.707633125, 7747)	(15399265.031420039, 5581)	(20535250.18209367, 1801)	(27384196.482417535, 162)	(36517412.80701646, 0)	(48696752.52687237, 0)	(64938163.46422952, 0)	(86596432.37454994, 0)	(115478198.37527774, 0)	(153992652.47935554, 0)	(205352502.83130983, 0)	(273841963.66963774, 0)	(365174127.0595472, 0)	(486967524.83598584, 0)	(649381631.322358, 0)	(865964323.1681083, 0)	(1000000000, 0)
