Sample	0	1	2	3	4	5	6	7	8	9	10	11	12	13	14	15	16	17	18	19	20	21	22	23	24	25	26	27	28	29	30	31	32	33	34	35	36	37	38	39	40	41	42	43	44	45	46	47	48	49	50	51	52	53	54	55	56	57	58	59	60	61	62	63	64	65	66	67	68	69	70
Red19_DNase_4M	(1.4142135623730951, 19)	(2.449489742783178, 106)	(3.4641016151377544, 303)	(4.898979485566356, 1396)	(6.48074069840786, 335)	(8.366600265340756, 120)	(11.40175425099138, 92)	(15.297058540778355, 933)	(20.784609690826528, 219)	(27.712812921102035, 574)	(36.66060555964672, 519)	(48.49742261192856, 459)	(64.8074069840786, 616)	(86.60254037844386, 964)	(115.32562594670796, 1269)	(153.8635759366069, 1789)	(205.39230754826238, 2121)	(273.6640275958826, 2609)	(365.1739311615768, 2772)	(486.99486650271785, 2808)	(649.2303135251773, 2850)	(866.0254037844386, 2654)	(1154.9891774384728, 2491)	(1540.0818160084873, 2428)	(2053.20188973223, 2561)	(2738.0836364143443, 2495)	(3651.596089383381, 2507)	(4869.516505773443, 2496)	(6493.602775039447, 2628)	(8659.676668328904, 2581)	(11547.727049077666, 2615)	(15399.230662601298, 2593)	(20535.482998945994, 2554)	(27384.44489121516, 2490)	(36517.69310895747, 2623)	(48696.897026402, 2678)	(64937.904385651374, 2657)	(86596.18929260109, 2934)	(115478.13645881198, 2817)	(153992.5954583531, 2888)	(205352.37626090428, 3016)	(273841.8507752239, 3001)	(365174.477361165, 3390)	(486967.6710799188, 3420)	(649381.3531770065, 3472)	(865964.2024933825, 3649)	(1154781.7975704328, 3855)	(1539926.0989927407, 4235)	(2053524.9171475861, 4411)	(2738419.9513537, 4904)	(3651741.453918938, 5237)	(4869675.122792588, 5394)	(6493816.129907437, 5521)	(8659643.179715894, 5213)	(11547819.707633125, 4513)	(15399265.031420039, 3206)	(20535250.18209367, 1015)	(27384196.482417535, 88)	(36517412.80701646, 0)	(48696752.52687237, 0)	(64938163.46422952, 0)	(86596432.37454994, 0)	(115478198.37527774, 0)	(153992652.47935554, 0)	(205352502.83130983, 0)	(273841963.66963774, 0)	(365174127.0595472, 0)	(486967524.83598584, 0)	(649381631.322358, 0)	(865964323.1681083, 0)	(1000000000, 0)
Red19_DNase_4M.pairsam.stat	(1.4142135623730951, 20)	(2.449489742783178, 106)	(3.4641016151377544, 303)	(4.898979485566356, 1405)	(6.48074069840786, 336)	(8.366600265340756, 120)	(11.40175425099138, 93)	(15.297058540778355, 937)	(20.784609690826528, 221)	(27.712812921102035, 575)	(36.66060555964672, 522)	(48.49742261192856, 465)	(64.8074069840786, 618)	(86.60254037844386, 969)	(115.32562594670796, 1279)	(153.8635759366069, 1801)	(205.39230754826238, 2134)	(273.6640275958826, 2623)	(365.1739311615768, 2785)	(486.99486650271785, 2829)	(649.2303135251773, 2869)	(866.0254037844386, 2669)	(1154.9891774384728, 2510)	(1540.0818160084873, 2440)	(2053.20188973223, 2575)	(2738.0836364143443, 2512)	(3651.596089383381, 2526)	(4869.516505773443, 2511)	(6493.602775039447, 2639)	(8659.676668328904, 2598)	(11547.727049077666, 2631)	(15399.230662601298, 2604)	(20535.482998945994, 2574)	(27384.44489121516, 2504)	(36517.69310895747, 2644)	(48696.897026402, 2703)	(64937.904385651374, 2676)	(86596.18929260109, 2969)	(115478.13645881198, 2831)	(153992.5954583531, 2905)	(205352.37626090428, 3036)	(273841.8507752239, 3021)	(365174.477361165, 3415)	(486967.6710799188, 3448)	(649381.3531770065, 3485)	(865964.2024933825, 3671)	(1154781.7975704328, 3884)	(1539926.0989927407, 4265)	(2053524.9171475861, 4429)	(2738419.9513537, 4938)	(3651741.453918938, 5276)	(4869675.122792588, 5416)	(6493816.129907437, 5562)	(8659643.179715894, 5245)	(11547819.707633125, 4545)	(15399265.031420039, 3229)	(20535250.18209367, 1018)	(27384196.482417535, 88)	(36517412.80701646, 0)	(48696752.52687237, 0)	(64938163.46422952, 0)	(86596432.37454994, 0)	(115478198.37527774, 0)	(153992652.47935554, 0)	(205352502.83130983, 0)	(273841963.66963774, 0)	(365174127.0595472, 0)	(486967524.83598584, 0)	(649381631.322358, 0)	(865964323.1681083, 0)	(1000000000, 0)
Red19_DNase_7M	(1.4142135623730951, 40)	(2.449489742783178, 173)	(3.4641016151377544, 544)	(4.898979485566356, 2586)	(6.48074069840786, 597)	(8.366600265340756, 239)	(11.40175425099138, 156)	(15.297058540778355, 1772)	(20.784609690826528, 381)	(27.712812921102035, 1039)	(36.66060555964672, 992)	(48.49742261192856, 860)	(64.8074069840786, 1154)	(86.60254037844386, 1791)	(115.32562594670796, 2369)	(153.8635759366069, 3267)	(205.39230754826238, 3998)	(273.6640275958826, 4854)	(365.1739311615768, 5243)	(486.99486650271785, 5230)	(649.2303135251773, 5182)	(866.0254037844386, 4963)	(1154.9891774384728, 4651)	(1540.0818160084873, 4585)	(2053.20188973223, 4683)	(2738.0836364143443, 4586)	(3651.596089383381, 4731)	(4869.516505773443, 4740)	(6493.602775039447, 4851)	(8659.676668328904, 4793)	(11547.727049077666, 4903)	(15399.230662601298, 4739)	(20535.482998945994, 4683)	(27384.44489121516, 4704)	(36517.69310895747, 4834)	(48696.897026402, 4980)	(64937.904385651374, 4954)	(86596.18929260109, 5591)	(115478.13645881198, 5377)	(153992.5954583531, 5492)	(205352.37626090428, 5712)	(273841.8507752239, 5757)	(365174.477361165, 6275)	(486967.6710799188, 6427)	(649381.3531770065, 6449)	(865964.2024933825, 6774)	(1154781.7975704328, 7237)	(1539926.0989927407, 7963)	(2053524.9171475861, 8181)	(2738419.9513537, 9286)	(3651741.453918938, 9782)	(4869675.122792588, 10116)	(6493816.129907437, 10203)	(8659643.179715894, 9791)	(11547819.707633125, 8370)	(15399265.031420039, 5894)	(20535250.18209367, 1937)	(27384196.482417535, 162)	(36517412.80701646, 0)	(48696752.52687237, 0)	(64938163.46422952, 0)	(86596432.37454994, 0)	(115478198.37527774, 0)	(153992652.47935554, 0)	(205352502.83130983, 0)	(273841963.66963774, 0)	(365174127.0595472, 0)	(486967524.83598584, 0)	(649381631.322358, 0)	(865964323.1681083, 0)	(1000000000, 0)
Red19_DNase_7M.pairsam.stat	(1.4142135623730951, 40)	(2.449489742783178, 174)	(3.4641016151377544, 549)	(4.898979485566356, 2622)	(6.48074069840786, 604)	(8.366600265340756, 240)	(11.40175425099138, 160)	(15.297058540778355, 1795)	(20.784609690826528, 390)	(27.712812921102035, 1049)	(36.66060555964672, 1006)	(48.49742261192856, 882)	(64.8074069840786, 1169)	(86.60254037844386, 1813)	(115.32562594670796, 2403)	(153.8635759366069, 3305)	(205.39230754826238, 4048)	(273.6640275958826, 4907)	(365.1739311615768, 5287)	(486.99486650271785, 5288)	(649.2303135251773, 5244)	(866.0254037844386, 5012)	(1154.9891774384728, 4712)	(1540.0818160084873, 4632)	(2053.20188973223, 4733)	(2738.0836364143443, 4636)	(3651.596089383381, 4779)	(4869.516505773443, 4787)	(6493.602775039447, 4910)	(8659.676668328904, 4850)	(11547.727049077666, 4951)	(15399.230662601298, 4796)	(20535.482998945994, 4748)	(27384.44489121516, 4770)	(36517.69310895747, 4885)	(48696.897026402, 5053)	(64937.904385651374, 5005)	(86596.18929260109, 5714)	(115478.13645881198, 5440)	(153992.5954583531, 5555)	(205352.37626090428, 5779)	(273841.8507752239, 5819)	(365174.477361165, 6371)	(486967.6710799188, 6503)	(649381.3531770065, 6502)	(865964.2024933825, 6839)	(1154781.7975704328, 7339)	(1539926.0989927407, 8049)	(2053524.9171475861, 8271)	(2738419.9513537, 9411)	(3651741.453918938, 9904)	(4869675.122792588, 10226)	(6493816.129907437, 10326)	(8659643.179715894, 9905)	(11547819.707633125, 8480)	(15399265.031420039, 5965)	(20535250.18209367, 1963)	(27384196.482417535, 163)	(36517412.80701646, 0)	(48696752.52687237, 0)	(64938163.46422952, 0)	(86596432.37454994, 0)	(115478198.37527774, 0)	(153992652.47935554, 0)	(205352502.83130983, 0)	(273841963.66963774, 0)	(365174127.0595472, 0)	(486967524.83598584, 0)	(649381631.322358, 0)	(865964323.1681083, 0)	(1000000000, 0)
Red19_FS1H	(1.4142135623730951, 12)	(2.449489742783178, 41)	(3.4641016151377544, 55)	(4.898979485566356, 76)	(6.48074069840786, 46)	(8.366600265340756, 70)	(11.40175425099138, 60)	(15.297058540778355, 103)	(20.784609690826528, 79)	(27.712812921102035, 112)	(36.66060555964672, 119)	(48.49742261192856, 136)	(64.8074069840786, 185)	(86.60254037844386, 258)	(115.32562594670796, 427)	(153.8635759366069, 642)	(205.39230754826238, 918)	(273.6640275958826, 1068)	(365.1739311615768, 1217)	(486.99486650271785, 1214)	(649.2303135251773, 1241)	(866.0254037844386, 1109)	(1154.9891774384728, 1216)	(1540.0818160084873, 1088)	(2053.20188973223, 1066)	(2738.0836364143443, 1163)	(3651.596089383381, 1215)	(4869.516505773443, 1090)	(6493.602775039447, 1133)	(8659.676668328904, 1170)	(11547.727049077666, 1152)	(15399.230662601298, 1234)	(20535.482998945994, 1232)	(27384.44489121516, 1276)	(36517.69310895747, 1301)	(48696.897026402, 1391)	(64937.904385651374, 1316)	(86596.18929260109, 1492)	(115478.13645881198, 1443)	(153992.5954583531, 1454)	(205352.37626090428, 1523)	(273841.8507752239, 1557)	(365174.477361165, 1634)	(486967.6710799188, 1778)	(649381.3531770065, 1757)	(865964.2024933825, 1760)	(1154781.7975704328, 1974)	(1539926.0989927407, 2171)	(2053524.9171475861, 2372)	(2738419.9513537, 2493)	(3651741.453918938, 2877)	(4869675.122792588, 2903)	(6493816.129907437, 2996)	(8659643.179715894, 2970)	(11547819.707633125, 2624)	(15399265.031420039, 1889)	(20535250.18209367, 625)	(27384196.482417535, 49)	(36517412.80701646, 0)	(48696752.52687237, 0)	(64938163.46422952, 0)	(86596432.37454994, 0)	(115478198.37527774, 0)	(153992652.47935554, 0)	(205352502.83130983, 0)	(273841963.66963774, 0)	(365174127.0595472, 0)	(486967524.83598584, 0)	(649381631.322358, 0)	(865964323.1681083, 0)	(1000000000, 0)
Red19_FS1H.pairsam.stat	(1.4142135623730951, 12)	(2.449489742783178, 44)	(3.4641016151377544, 60)	(4.898979485566356, 80)	(6.48074069840786, 51)	(8.366600265340756, 70)	(11.40175425099138, 65)	(15.297058540778355, 114)	(20.784609690826528, 83)	(27.712812921102035, 117)	(36.66060555964672, 127)	(48.49742261192856, 142)	(64.8074069840786, 193)	(86.60254037844386, 284)	(115.32562594670796, 468)	(153.8635759366069, 688)	(205.39230754826238, 994)	(273.6640275958826, 1143)	(365.1739311615768, 1317)	(486.99486650271785, 1318)	(649.2303135251773, 1326)	(866.0254037844386, 1200)	(1154.9891774384728, 1319)	(1540.0818160084873, 1167)	(2053.20188973223, 1156)	(2738.0836364143443, 1236)	(3651.596089383381, 1318)	(4869.516505773443, 1159)	(6493.602775039447, 1204)	(8659.676668328904, 1269)	(11547.727049077666, 1239)	(15399.230662601298, 1319)	(20535.482998945994, 1321)	(27384.44489121516, 1368)	(36517.69310895747, 1403)	(48696.897026402, 1495)	(64937.904385651374, 1414)	(86596.18929260109, 1627)	(115478.13645881198, 1541)	(153992.5954583531, 1564)	(205352.37626090428, 1630)	(273841.8507752239, 1666)	(365174.477361165, 1776)	(486967.6710799188, 1894)	(649381.3531770065, 1901)	(865964.2024933825, 1867)	(1154781.7975704328, 2127)	(1539926.0989927407, 2303)	(2053524.9171475861, 2564)	(2738419.9513537, 2673)	(3651741.453918938, 3101)	(4869675.122792588, 3145)	(6493816.129907437, 3244)	(8659643.179715894, 3207)	(11547819.707633125, 2806)	(15399265.031420039, 2038)	(20535250.18209367, 678)	(27384196.482417535, 51)	(36517412.80701646, 0)	(48696752.52687237, 0)	(64938163.46422952, 0)	(86596432.37454994, 0)	(115478198.37527774, 0)	(153992652.47935554, 0)	(205352502.83130983, 0)	(273841963.66963774, 0)	(365174127.0595472, 0)	(486967524.83598584, 0)	(649381631.322358, 0)	(865964323.1681083, 0)	(1000000000, 0)
Red19_FS2H	(1.4142135623730951, 29)	(2.449489742783178, 71)	(3.4641016151377544, 65)	(4.898979485566356, 95)	(6.48074069840786, 42)	(8.366600265340756, 100)	(11.40175425099138, 84)	(15.297058540778355, 219)	(20.784609690826528, 140)	(27.712812921102035, 233)	(36.66060555964672, 238)	(48.49742261192856, 228)	(64.8074069840786, 322)	(86.60254037844386, 513)	(115.32562594670796, 852)	(153.8635759366069, 1492)	(205.39230754826238, 1895)	(273.6640275958826, 2364)	(365.1739311615768, 2535)	(486.99486650271785, 2727)	(649.2303135251773, 2698)	(866.0254037844386, 2509)	(1154.9891774384728, 2518)	(1540.0818160084873, 2458)	(2053.20188973223, 2451)	(2738.0836364143443, 2490)	(3651.596089383381, 2598)	(4869.516505773443, 2573)	(6493.602775039447, 2777)	(8659.676668328904, 2699)	(11547.727049077666, 2699)	(15399.230662601298, 2697)	(20535.482998945994, 2799)	(27384.44489121516, 2863)	(36517.69310895747, 2917)	(48696.897026402, 3039)	(64937.904385651374, 3018)	(86596.18929260109, 3258)	(115478.13645881198, 3277)	(153992.5954583531, 3277)	(205352.37626090428, 3360)	(273841.8507752239, 3549)	(365174.477361165, 3768)	(486967.6710799188, 4043)	(649381.3531770065, 3953)	(865964.2024933825, 4445)	(1154781.7975704328, 4601)	(1539926.0989927407, 4982)	(2053524.9171475861, 5497)	(2738419.9513537, 5939)	(3651741.453918938, 6552)	(4869675.122792588, 6788)	(6493816.129907437, 7050)	(8659643.179715894, 6804)	(11547819.707633125, 5986)	(15399265.031420039, 4408)	(20535250.18209367, 1485)	(27384196.482417535, 108)	(36517412.80701646, 0)	(48696752.52687237, 0)	(64938163.46422952, 0)	(86596432.37454994, 0)	(115478198.37527774, 0)	(153992652.47935554, 0)	(205352502.83130983, 0)	(273841963.66963774, 0)	(365174127.0595472, 0)	(486967524.83598584, 0)	(649381631.322358, 0)	(865964323.1681083, 0)	(1000000000, 0)
Red19_FS2H.pairsam.stat	(1.4142135623730951, 29)	(2.449489742783178, 74)	(3.4641016151377544, 70)	(4.898979485566356, 99)	(6.48074069840786, 43)	(8.366600265340756, 105)	(11.40175425099138, 88)	(15.297058540778355, 231)	(20.784609690826528, 144)	(27.712812921102035, 248)	(36.66060555964672, 251)	(48.49742261192856, 240)	(64.8074069840786, 343)	(86.60254037844386, 552)	(115.32562594670796, 917)	(153.8635759366069, 1587)	(205.39230754826238, 2022)	(273.6640275958826, 2517)	(365.1739311615768, 2677)	(486.99486650271785, 2919)	(649.2303135251773, 2856)	(866.0254037844386, 2674)	(1154.9891774384728, 2665)	(1540.0818160084873, 2606)	(2053.20188973223, 2578)	(2738.0836364143443, 2636)	(3651.596089383381, 2746)	(4869.516505773443, 2714)	(6493.602775039447, 2903)	(8659.676668328904, 2834)	(11547.727049077666, 2843)	(15399.230662601298, 2867)	(20535.482998945994, 2956)	(27384.44489121516, 3035)	(36517.69310895747, 3068)	(48696.897026402, 3178)	(64937.904385651374, 3180)	(86596.18929260109, 3481)	(115478.13645881198, 3444)	(153992.5954583531, 3456)	(205352.37626090428, 3544)	(273841.8507752239, 3747)	(365174.477361165, 3980)	(486967.6710799188, 4284)	(649381.3531770065, 4151)	(865964.2024933825, 4695)	(1154781.7975704328, 4845)	(1539926.0989927407, 5292)	(2053524.9171475861, 5820)	(2738419.9513537, 6284)	(3651741.453918938, 6894)	(4869675.122792588, 7125)	(6493816.129907437, 7465)	(8659643.179715894, 7202)	(11547819.707633125, 6307)	(15399265.031420039, 4651)	(20535250.18209367, 1589)	(27384196.482417535, 117)	(36517412.80701646, 0)	(48696752.52687237, 0)	(64938163.46422952, 0)	(86596432.37454994, 0)	(115478198.37527774, 0)	(153992652.47935554, 0)	(205352502.83130983, 0)	(273841963.66963774, 0)	(365174127.0595472, 0)	(486967524.83598584, 0)	(649381631.322358, 0)	(865964323.1681083, 0)	(1000000000, 0)
Red19_FS3H	(1.4142135623730951, 30)	(2.449489742783178, 75)	(3.4641016151377544, 80)	(4.898979485566356, 141)	(6.48074069840786, 75)	(8.366600265340756, 137)	(11.40175425099138, 122)	(15.297058540778355, 338)	(20.784609690826528, 232)	(27.712812921102035, 370)	(36.66060555964672, 406)	(48.49742261192856, 490)	(64.8074069840786, 658)	(86.60254037844386, 990)	(115.32562594670796, 1636)	(153.8635759366069, 2414)	(205.39230754826238, 3105)	(273.6640275958826, 3762)	(365.1739311615768, 4044)	(486.99486650271785, 3919)	(649.2303135251773, 3735)	(866.0254037844386, 3724)	(1154.9891774384728, 3455)	(1540.0818160084873, 3352)	(2053.20188973223, 3310)	(2738.0836364143443, 3347)	(3651.596089383381, 3413)	(4869.516505773443, 3333)	(6493.602775039447, 3513)	(8659.676668328904, 3580)	(11547.727049077666, 3483)	(15399.230662601298, 3488)	(20535.482998945994, 3628)	(27384.44489121516, 3610)	(36517.69310895747, 3594)	(48696.897026402, 3909)	(64937.904385651374, 3906)	(86596.18929260109, 4158)	(115478.13645881198, 4170)	(153992.5954583531, 4127)	(205352.37626090428, 4436)	(273841.8507752239, 4752)	(365174.477361165, 4944)	(486967.6710799188, 5167)	(649381.3531770065, 5296)	(865964.2024933825, 5790)	(1154781.7975704328, 6093)	(1539926.0989927407, 6591)	(2053524.9171475861, 7228)	(2738419.9513537, 7549)	(3651741.453918938, 8410)	(4869675.122792588, 8872)	(6493816.129907437, 9068)	(8659643.179715894, 8787)	(11547819.707633125, 7577)	(15399265.031420039, 5439)	(20535250.18209367, 1883)	(27384196.482417535, 175)	(36517412.80701646, 0)	(48696752.52687237, 0)	(64938163.46422952, 0)	(86596432.37454994, 0)	(115478198.37527774, 0)	(153992652.47935554, 0)	(205352502.83130983, 0)	(273841963.66963774, 0)	(365174127.0595472, 0)	(486967524.83598584, 0)	(649381631.322358, 0)	(865964323.1681083, 0)	(1000000000, 0)
Red19_FS3H.pairsam.stat	(1.4142135623730951, 31)	(2.449489742783178, 76)	(3.4641016151377544, 82)	(4.898979485566356, 146)	(6.48074069840786, 76)	(8.366600265340756, 138)	(11.40175425099138, 125)	(15.297058540778355, 344)	(20.784609690826528, 237)	(27.712812921102035, 378)	(36.66060555964672, 411)	(48.49742261192856, 504)	(64.8074069840786, 671)	(86.60254037844386, 1017)	(115.32562594670796, 1667)	(153.8635759366069, 2473)	(205.39230754826238, 3178)	(273.6640275958826, 3852)	(365.1739311615768, 4134)	(486.99486650271785, 4043)	(649.2303135251773, 3827)	(866.0254037844386, 3812)	(1154.9891774384728, 3547)	(1540.0818160084873, 3434)	(2053.20188973223, 3402)	(2738.0836364143443, 3435)	(3651.596089383381, 3506)	(4869.516505773443, 3423)	(6493.602775039447, 3596)	(8659.676668328904, 3673)	(11547.727049077666, 3552)	(15399.230662601298, 3582)	(20535.482998945994, 3698)	(27384.44489121516, 3698)	(36517.69310895747, 3697)	(48696.897026402, 3991)	(64937.904385651374, 3998)	(86596.18929260109, 4262)	(115478.13645881198, 4279)	(153992.5954583531, 4219)	(205352.37626090428, 4533)	(273841.8507752239, 4852)	(365174.477361165, 5073)	(486967.6710799188, 5265)	(649381.3531770065, 5417)	(865964.2024933825, 5916)	(1154781.7975704328, 6240)	(1539926.0989927407, 6744)	(2053524.9171475861, 7386)	(2738419.9513537, 7727)	(3651741.453918938, 8609)	(4869675.122792588, 9061)	(6493816.129907437, 9264)	(8659643.179715894, 8994)	(11547819.707633125, 7749)	(15399265.031420039, 5555)	(20535250.18209367, 1928)	(27384196.482417535, 176)	(36517412.80701646, 0)	(48696752.52687237, 0)	(64938163.46422952, 0)	(86596432.37454994, 0)	(115478198.37527774, 0)	(153992652.47935554, 0)	(205352502.83130983, 0)	(273841963.66963774, 0)	(365174127.0595472, 0)	(486967524.83598584, 0)	(649381631.322358, 0)	(865964323.1681083, 0)	(1000000000, 0)
