Sample	mosdepth-1_x_pc	mosdepth-5_x_pc	mosdepth-10_x_pc	mosdepth-30_x_pc	mosdepth-50_x_pc	mosdepth-median_coverage	mosdepth-mean_coverage	mosdepth-min_coverage	mosdepth-max_coverage	mosdepth-coverage_bases	mosdepth-length	pairtools-total	pairtools-frac_unmapped	pairtools-frac_single_sided_mapped	pairtools-frac_mapped	pairtools-frac_dups	pairtools-total_nodups	pairtools-frac_cis
Red19_DNase_4M	79.0	5.0	0.0	0.0	0.0	2	1.86	0.0	503993.0	1121.011701	603394193	3.939215	3.1099089539413307	12.315372479034528	84.57471856702415	0.5482818277245594	3.3099819999999998	62.66154921688396
Red19_DNase_4M.pairsam.stat												3.939215	3.1099089539413307	12.315372479034528	84.57471856702415	0.0	3.3315799999999998	62.66447151201532
Red19_DNase_7M	94.0	26.0	1.0	0.0	0.0	3	3.47	0.0	946702.0	2092.293009	603394193	7.386156	3.1083286082774313	12.332057432851405	84.55961395887115	1.0009807537235877	6.171771	62.71154584316236
Red19_DNase_7M.pairsam.stat												7.386156	3.1083286082774313	12.332057432851405	84.55961395887115	0.0	6.245705	62.710886921492445
Red19_FS1H	78.0	7.000000000000001	0.0	0.0	0.0	2	1.91	0.0	877.0	1149.7459979999999	603394193	4.363091	3.2837041446075728	7.372158866271642	89.34413698912078	7.242388481010366	3.5821739999999997	78.93402163044007
Red19_FS1H.pairsam.stat												4.363091	3.2837041446075728	7.372158866271642	89.34413698912078	0.0	3.898166	79.1722055961701
Red19_FS2H	92.0	27.0	1.0	0.0	0.0	3	3.39	0.0	1106.0	2044.1761829999998	603394193	7.553585999999999	2.9106837467661055	7.95156102015652	89.13775523307737	5.383668101481866	6.326436999999999	73.27595295740714
Red19_FS2H.pairsam.stat												7.553585999999999	2.9106837467661055	7.95156102015652	89.13775523307737	0.0	6.733097	73.48746052522338
Red19_FS3H	93.0	26.0	1.0	0.0	0.0	3	3.36	0.0	1038.0	2028.4904199999999	603394193	7.277831	2.673282740420875	9.753840120772246	87.57287713880689	2.128958476776941	6.218464	65.71138789257283
Red19_FS3H.pairsam.stat												7.277831	2.673282740420875	9.753840120772246	87.57287713880689	0.0	6.373406	65.7810596092576
