Sample	FF	RF	FR	RR
Red19_DNase_4M	9768.0	10059.0	10888.0	9636.0
Red19_DNase_4M.pairsam.stat	9838.0	10124.0	10958.0	9698.0
Red19_DNase_7M	18272.0	18740.0	20496.0	18059.0
Red19_DNase_7M.pairsam.stat	18485.0	18935.0	20737.0	18268.0
Red19_FS1H	4025.0	4534.0	5372.0	3815.0
Red19_FS1H.pairsam.stat	4324.0	4869.0	5780.0	4109.0
Red19_FS2H	9020.0	10112.0	11280.0	9081.0
Red19_FS2H.pairsam.stat	9536.0	10674.0	11921.0	9623.0
Red19_FS3H	12683.0	13403.0	14607.0	12645.0
Red19_FS3H.pairsam.stat	12953.0	13766.0	14967.0	12935.0
