Sample	FF	RF	FR	RR
Red19_DNase_4M	88303.0	89181.0	89223.0	88035.0
Red19_DNase_4M.pairsam.stat	88848.0	89777.0	89779.0	88609.0
Red19_DNase_7M	165081.0	166931.0	167065.0	164437.0
Red19_DNase_7M.pairsam.stat	167049.0	168985.0	169073.0	166415.0
Red19_FS1H	45216.0	46857.0	46775.0	44942.0
Red19_FS1H.pairsam.stat	48580.0	50404.0	50275.0	48320.0
Red19_FS2H	105332.0	107766.0	107695.0	105848.0
Red19_FS2H.pairsam.stat	111332.0	113790.0	113754.0	111769.0
Red19_FS3H	137147.0	139159.0	138513.0	136560.0
Red19_FS3H.pairsam.stat	140161.0	142331.0	141706.0	139766.0
