Sample	UU	RU	UR	DD	MU	MR	MM	NM	NU	NR	NN
Red19_DNase_4M	2686371.0	311840.0	311771.0	21598.0	252866.0	88336.0	106470.0	7347.0	27678.0	116249.0	8689.0
Red19_DNase_4M.pairsam.stat	2704389.0	313600.0	313591.0	nan	252866.0	88336.0	106470.0	7347.0	27678.0	116249.0	8689.0
Red19_DNase_7M	5008929.0	582417.0	580425.0	73934.0	474840.0	166066.0	199656.0	13619.0	51837.0	218122.0	16311.0
Red19_DNase_7M.pairsam.stat	5070243.0	588695.0	586767.0	nan	474840.0	166066.0	199656.0	13619.0	51837.0	218122.0	16311.0
Red19_FS1H	3180264.0	201038.0	200872.0	315992.0	164396.0	50030.0	117746.0	3479.0	33628.0	73600.0	22046.0
Red19_FS1H.pairsam.stat	3462185.0	218183.0	217798.0	nan	164396.0	50030.0	117746.0	3479.0	33628.0	73600.0	22046.0
Red19_FS2H	5413104.0	457491.0	455842.0	406660.0	308272.0	110806.0	196111.0	6613.0	52681.0	128869.0	17137.0
Red19_FS2H.pairsam.stat	5762279.0	486428.0	484390.0	nan	308272.0	110806.0	196111.0	6613.0	52681.0	128869.0	17137.0
Red19_FS3H	5059319.0	580147.0	578998.0	154942.0	331795.0	149147.0	172074.0	9308.0	51339.0	177587.0	13175.0
Red19_FS3H.pairsam.stat	5184963.0	594857.0	593586.0	nan	331795.0	149147.0	172074.0	9308.0	51339.0	177587.0	13175.0
