Sample	FF	RF	FR	RR
Red19_DNase_4M	11933.0	13368.0	1432983.0	11892.0
Red19_DNase_4M.pairsam.stat	12005.0	13451.0	1441886.0	11972.0
Red19_DNase_7M	22093.0	24961.0	2672619.0	22111.0
Red19_DNase_7M.pairsam.stat	22313.0	25238.0	2703215.0	22368.0
Red19_FS1H	5787.0	5486.0	2537682.0	5671.0
Red19_FS1H.pairsam.stat	6241.0	5928.0	2775785.0	6100.0
Red19_FS2H	10040.0	11865.0	4004882.0	10087.0
Red19_FS2H.pairsam.stat	10601.0	12639.0	4282720.0	10657.0
Red19_FS3H	17985.0	18880.0	3256876.0	18434.0
Red19_FS3H.pairsam.stat	18427.0	19347.0	3344411.0	18883.0
