Sample	FF	RF	FR	RR
Red19_DNase_4M	4957.0	5504.0	93427.0	4947.0
Red19_DNase_4M.pairsam.stat	4994.0	5538.0	94225.0	4976.0
Red19_DNase_7M	9311.0	10145.0	173854.0	9311.0
Red19_DNase_7M.pairsam.stat	9422.0	10256.0	176602.0	9423.0
Red19_FS1H	1897.0	2350.0	16101.0	1946.0
Red19_FS1H.pairsam.stat	2050.0	2526.0	16517.0	2065.0
Red19_FS2H	4051.0	5207.0	26297.0	4172.0
Red19_FS2H.pairsam.stat	4266.0	5530.0	26896.0	4405.0
Red19_FS3H	6347.0	7459.0	26486.0	6312.0
Red19_FS3H.pairsam.stat	6496.0	7639.0	26766.0	6462.0
